ID	Parity	Treatment	month	Offer1	Offer2
2288	1	1	1	140.2016129	55.29354839
2288	1	1	2	122.5446429	48.0375
2288	1	1	3	123.3774194	47.12741935
2288	1	1	4	121.8983333	47.07166667
2288	1	1	5	120.2290323	47.02903226
2288	1	1	6	117.5266667	45.75
2288	1	1	7	118.95	45.75
2288	1	1	8	115.1129032	44.37258065
2288	1	1	9	113.155	43.005
2288	1	1	10	115.8016129	45.6516129
2288	1	1	11	116.51	45.75
2288	1	1	12	120.6225806	45.75
2288	1	1	13	121.016129	45.94677419
2288	1	1	14	119.4758621	45.75
2288	1	1	15	122.7870968	48.50483871
2288	1	1	16	120.475	45.85166667
2288	1	1	17	119.3435484	45.75
2288	1	1	18	122	45.75
2288	1	1	19	119.7370968	45.75
2288	1	1	20	118.95	45.75
2288	1	1	21	119.0516667	45.75
2288	1	1	22	122.7870968	46.14354839
2288	1	1	23	128.1	48.8
2288	1	1	24	131.2483871	51.06290323
2288	1	1	25	136.7580645	51.85
2288	1	1	26	138.5571429	53.15714286
2288	2	1	1	129.5758065	50.17741935
2288	2	1	2	109.8	42.7
2288	2	1	3	110.3903226	42.7
2288	2	1	4	115.1883333	45.03833333
2288	2	1	5	115.9	45.75
2288	2	1	6	114.5225806	44.37258065
2288	2	1	7	114.68	44.32666667
2288	2	1	8	117.0806452	45.75
2288	2	1	9	117.3233333	45.75
2288	2	1	10	118.2612903	45.75
2288	2	1	11	118.95	45.75
2288	2	1	12	124.8321429	48.69107143
2288	2	1	13	121.9016129	45.8483871
2288	2	1	14	119.3566667	45.75
2288	2	1	15	120.6225806	46.43870968
2288	2	1	16	121.085	46.46166667
2288	2	1	17	120.1306452	45.75
2288	2	1	18	122	45.75
2297	1	3	1	223.4125	86.48928571
2297	1	3	2	187.033871	73.2
2297	1	3	3	181.8816667	70.35333333
2297	1	3	4	183.2951613	70.15
2297	1	3	5	180.7633333	68.72666667
2297	1	3	6	183.4919355	70.15
2297	1	3	7	182.7048387	70.15
2297	1	3	8	184.7283333	71.57333333
2297	1	3	9	184.3774194	70.15
2297	1	3	10	185.2366667	71.98
2297	1	3	11	191.166129	73.2
2297	1	3	12	197.4629032	76.54516129
2297	1	3	13	206.9793103	79.3
2297	1	3	14	212.9096774	82.05483871
2297	2	3	1	209.23	79.605
2297	2	3	2	187.6241935	72.80645161
2297	2	3	3	181.9833333	70.15
2297	2	3	4	182.1145161	70.15
2297	2	3	5	181.3274194	70.15
2297	2	3	6	178.3233333	68.625
2297	2	3	7	176.4080645	67.49354839
2297	2	3	8	183	70.15
2297	2	3	9	187.033871	72.41290323
2297	2	3	10	198.4467742	75.75806452
2297	2	3	11	200.4285714	77.12142857
2297	3	3	1	128.4935484	50.27580645
2297	3	3	2	119.9666667	45.75
2297	3	3	3	117.0806452	45.35645161
2297	3	3	4	116.0016667	45.03833333
2297	3	3	5	120.3274194	45.75
2297	3	3	6	150.2370968	57.8516129
2297	3	3	7	144.7733333	54.9
2297	3	3	8	143.8419355	54.9
2297	3	3	9	145.6883333	56.32333333
2297	3	3	10	145.1209677	56.27741935
2297	3	3	11	142.9564516	54.9
2297	3	3	12	153.1535714	59.14821429
2297	3	3	13	170.8983871	65.62419355
2297	3	3	14	177.51	68.93
2297	3	3	15	183.3935484	70.15
2297	3	3	16	190.93	73.40333333
2297	3	3	17	199.9225806	77.43064516
2297	3	3	18	215.40625	81.96875
2315	1	1	1	128.1	48.8
2315	1	1	2	103.0112903	40.14193548
2315	1	1	3	95.14032258	36.6
2315	1	1	4	95.87166667	36.6
2315	1	1	5	97.79677419	36.79677419
2315	1	1	6	100.955	39.65
2315	1	1	7	103.7	39.65
2315	1	1	8	104.683871	39.65
2315	1	1	9	106.75	41.22758621
2315	1	1	10	109.5048387	42.40483871
2315	1	1	11	113.0533333	44.225
2315	1	1	12	116.2935484	45.75
2315	1	1	13	120.9833333	46.46166667
2315	1	1	14	124.2629032	48.8
2315	1	1	15	139.5129032	53.71935484
2315	2	1	1	164.5983333	63.94833333
2315	2	1	2	137.7419355	52.24354839
2315	2	1	3	110.8166667	42.7
2315	2	1	4	109.8	42.7
2315	2	1	5	109.8	42.7
2315	2	1	6	109.8	43.35357143
2315	2	1	7	112.6532258	44.47096774
2315	2	1	8	113.155	43.005
2315	2	1	9	117.1790323	45.75
2315	2	1	10	118.2383333	45.75
2315	2	1	11	120.3274194	45.75
2315	2	1	12	121.7048387	48.50483871
2315	2	1	13	125.05	48.8
2315	2	1	14	126.9193548	48.8
2315	2	1	15	130.9466667	50.935
2315	2	1	16	135.5774194	51.85
2315	2	1	17	138.1354839	53.12903226
2315	2	1	18	143.1321429	55.98928571
2315	3	1	1	179.5564516	69.95322581
2315	3	1	2	173.85	67.1
2315	3	1	3	169.7177419	65.03387097
2315	3	1	4	167.75	64.05
2315	3	1	5	168.1435484	64.05
2315	3	1	6	170.8	64.05
2321	1	1	1	143.35	54.9
2321	1	1	2	124.2875	48.8
2321	1	1	3	118.95	45.75
2321	1	1	4	115.9	45.64833333
2321	1	1	5	111.0790323	42.7
2321	1	1	6	107.8683333	42.7
2321	1	1	7	108.3241935	42.7
2321	1	1	8	105.4709677	40.24032258
2321	1	1	9	103.7	39.65
2321	1	1	10	103.7983871	39.65
2321	1	1	11	105.53	39.65
2321	1	1	12	106.75	41.02741935
2321	1	1	13	106.75	42.01129032
2321	1	1	14	108.3275862	42.7
2321	1	1	15	110.8822581	42.7
2321	1	1	16	111.4266667	42.7
2321	1	1	17	112.4564516	42.7
2321	1	1	18	110.41	42.7
2321	1	1	19	108.1274194	42.7
2321	1	1	20	112.0629032	42.7
2321	1	1	21	110.105	42.80166667
2321	1	1	22	118.0645161	45.75
2321	1	1	23	122	46.36
2321	1	1	24	126.5258065	48.8
2321	1	1	25	130.6580645	51.35806452
2321	1	1	26	135.2892857	51.85
2321	2	1	1	134.6919355	50.96451613
2321	2	1	2	112.85	42.7
2321	2	1	3	114.1290323	43.97903226
2321	2	1	4	115.1883333	45.03833333
2321	2	1	5	115.9	45.75
2321	2	1	6	117.2774194	45.75
2321	2	1	7	119.1533333	45.75
2321	2	1	8	122.8854839	47.12741935
2321	2	1	9	118.95	45.75
2321	2	1	10	122.2951613	46.73387097
2321	2	1	11	123.6725806	48.8
2321	2	1	12	129.4071429	48.8
2321	2	1	13	131.3467742	50.37419355
2321	2	1	14	134.6066667	51.85
2321	2	1	15	137.25	51.85
2321	3	1	1	126.0666667	48.59666667
2321	3	1	2	118.7532258	46.93064516
2321	3	1	3	140.3	55.6625
2323	1	2	1	150.8660714	58.05892857
2323	1	2	2	131.6419355	51.85
2323	1	2	3	126.7783333	49.00333333
2323	1	2	4	124.7548387	48.8
2323	1	2	5	122	46.86833333
2323	1	2	6	121.2129032	45.75
2323	1	2	7	118.95	45.75
2323	1	2	8	117.6283333	45.75
2323	1	2	9	118.6548387	45.75
2323	1	2	10	118.035	46.055
2323	1	2	11	122	46.73387097
2323	1	2	12	122	48.11129032
2323	1	2	13	125.1551724	47.74827586
2323	1	2	14	123.3774194	47.12741935
2323	1	2	15	122.1016667	47.275
2323	1	2	16	124.6564516	48.8
2323	1	2	17	126.0666667	48.8
2323	1	2	18	128.9854839	48.8
2323	1	2	19	135.0854839	51.45645161
2323	1	2	20	140.4016667	54.79833333
2323	1	2	21	144.6290323	54.9
2323	2	2	1	141.215	53.985
2323	2	2	2	121.1145161	45.75
2323	2	2	3	120.3274194	45.75
2323	2	2	4	120.2571429	45.75
2323	2	2	5	120.5241935	45.75
2323	2	2	6	118.95	45.75
2323	2	2	7	118.95	45.75
2323	2	2	8	121.2883333	45.75
2323	2	2	9	120.9177419	45.75
2323	2	2	10	123.0822581	47.12741935
2323	2	2	11	125.2533333	48.8
2323	2	2	12	124.8532258	48.8
2323	2	2	13	127.8966667	48.8
2323	2	2	14	131.5435484	50.17741935
2323	2	2	15	130.7564516	48.8
2323	2	2	16	132.4571429	50.21607143
2323	2	2	17	140.5951613	54.8016129
2323	2	2	18	147.62	57.13666667
2324	1	1	1	126.7225806	49.88225806
2324	1	1	2	102.6177419	39.65
2324	1	1	3	99.32833333	39.65
2324	1	1	4	94.66730769	36.71730769
2324	1	1	5	131.15	51.85
2324	1	1	6	134.0983333	51.85
2324	1	1	7	136.3645161	52.24354839
2324	1	1	8	138.8766667	52.86666667
2324	1	1	9	141.1854839	54.11290323
2324	1	1	10	143.35	54.9
2324	1	1	11	143.35	54.9
2324	2	1	1	143.35	54.9
2324	2	1	2	112.1383333	43.10666667
2324	2	1	3	109.8	42.7
2324	2	1	4	109.8	42.7
2324	2	1	5	109.8	42.7
2324	2	1	6	109.8	42.7
2324	2	1	7	111.4266667	42.7
2324	2	1	8	111.4725806	42.7
2324	2	1	9	112.85	42.7
2324	2	1	10	113.2435484	44.07741935
2324	2	1	11	113.7354839	43.97903226
2324	2	1	12	114.375	44.225
2324	2	1	13	113.1451613	42.7983871
2324	2	1	14	117.73	44.53
2324	2	1	15	117.5725806	45.75
2324	2	1	16	116.6116667	45.75
2324	2	1	17	117.0806452	45.75
2324	2	1	18	121.61875	45.75
2327	1	3	1	217.4214286	84.41964286
2327	1	3	2	190.083871	73.69193548
2327	1	3	3	184.9316667	70.455
2327	1	3	4	186.2467742	71.62580645
2327	1	3	5	180.255	68.21833333
2327	1	3	6	177.0967742	67.88709677
2327	1	3	7	177.7854839	68.77258065
2327	1	3	8	183	70.15
2327	1	3	9	187.5258065	73.1016129
2327	1	3	10	195.4033333	75.43666667
2327	1	3	11	204.35	79.3
2327	1	3	12	211.433871	81.66129032
2327	1	3	13	213.5	82.35
2327	2	3	1	199.9225806	77.23387097
2327	2	3	2	180.3566667	68.82833333
2327	2	3	3	181.1306452	70.15
2327	2	3	4	180.6616667	70.15
2327	2	3	5	182.1145161	70.15
2327	2	3	6	177.1951613	68.77258065
2327	2	3	7	174.155	67.20166667
2327	2	3	8	175.916129	67.49354839
2327	2	3	9	177.9166667	68.72666667
2327	2	3	10	176.9	67.88709677
2327	2	3	11	181.8193548	70.83870968
2327	2	3	12	190.1892857	73.2
2327	2	3	13	199.4306452	76.1516129
2327	2	3	14	196.115	76.65666667
2327	3	3	1	166.766129	64.64032258
2327	3	3	2	173.0366667	67.1
2327	3	3	3	136.8564516	52.93225806
2327	3	3	4	166.0774194	64.05
2327	3	3	5	138.9783333	52.765
2327	3	3	6	147.9741935	56.76935484
2327	3	3	7	150.67	57.95
2327	3	3	8	152.8935484	59.32741935
2327	3	3	9	150.8274194	57.95
2327	3	3	10	163.6107143	63.61428571
2327	3	3	11	179.95	70.15
2327	3	3	12	179.95	70.15
2327	3	3	13	178.5725806	68.77258065
2327	3	3	14	180.865	70.15
2327	3	3	15	182.8032258	70.15
2327	3	3	16	183.38125	70.15
2330	1	3	1	221.2725806	85.89193548
2330	1	3	2	179.5433333	69.54
2330	1	3	3	182.1145161	70.15
2330	1	3	4	180.8354839	69.06774194
2330	1	3	5	176.9	67.1
2330	1	3	6	181.0322581	70.0516129
2330	1	3	7	182.39	70.55666667
2330	1	3	8	183.983871	71.13387097
2330	1	3	9	184.7709677	71.13387097
2330	1	3	10	184.1568966	72.04310345
2330	1	3	11	185.4596774	71.52741935
2330	1	3	12	186.2533333	71.77666667
2330	1	3	13	186.4435484	71.72419355
2330	1	3	14	189.8116667	73.2
2330	1	3	15	186.7387097	72.31451613
2330	1	3	16	185.6564516	72.80645161
2330	1	3	17	184.83	71.77666667
2330	1	3	18	189.3951613	73.2
2330	1	3	19	190.7266667	73.2
2330	1	3	20	193.0354839	74.08548387
2330	1	3	21	204.0548387	78.80806452
2330	1	3	22	214.3714286	82.13214286
2330	1	3	23	220.8790323	84.21935484
2330	2	3	1	210.145	81.02833333
2330	2	3	2	181.6225806	70.15
2330	2	3	3	183.8133333	70.15
2330	2	3	4	189.8870968	72.60967742
2330	2	3	5	182.2129032	70.44516129
2330	2	3	6	182.7966667	70.15
2330	2	3	7	181.3274194	70.15
2330	2	3	8	183.5083333	71.57333333
2330	2	3	9	173.5548387	67.78870968
2330	2	3	10	178.7693548	69.75645161
2330	2	3	11	182.7821429	71.56607143
2330	2	3	12	184.8693548	71.82258065
2330	2	3	13	189.9133333	73.60666667
2330	2	3	14	191.7564516	74.18387097
2330	2	3	15	195.4033333	75.53833333
2330	3	3	1	188.0177419	72.31451613
2330	3	3	2	186.05	73.2
2334	1	2	1	158.9267857	61.43571429
2334	1	2	2	137.7419355	53.71935484
2334	1	2	3	134.4033333	51.85
2334	1	2	4	132.9209677	51.85
2334	1	2	5	132.7766667	51.85
2334	1	2	6	130.6580645	50.47258065
2334	1	2	7	127.6080645	49.39032258
2334	1	2	8	125.05	48.8
2334	1	2	9	125.2467742	48.8
2334	1	2	10	130.235	49.105
2334	1	2	11	132.133871	51.85
2334	1	2	12	131.15	51.85
2334	1	2	13	132.7275862	51.85
2334	1	2	14	133.9048387	51.85
2334	1	2	15	134.0983333	51.85
2334	1	2	16	133.0193548	51.85
2334	1	2	17	134.9116667	51.85
2334	1	2	18	138.6274194	53.22741935
2334	1	2	19	141.1854839	54.50645161
2334	1	2	20	145.0783333	56.425
2334	1	2	21	153.2870968	58.34354839
2334	1	2	22	156.5666667	61
2334	2	2	1	148.466129	57.8516129
2334	2	2	2	129.2806452	48.8
2334	2	2	3	128.3178571	48.8
2334	2	2	4	129.4774194	48.8
2334	2	2	5	126.6766667	48.8
2334	2	2	6	128.6903226	49.39032258
2334	2	2	7	131.15	51.85
2334	2	2	8	130.0677419	50.76774194
2334	2	2	9	129.4774194	48.8
2334	2	2	10	129.93	50.42666667
2334	2	2	11	132.3306452	50.47258065
2334	2	2	12	132.5733333	51.85
2334	2	2	13	136.266129	51.85
2334	2	2	14	136.8564516	51.85
2334	2	2	15	138.6660714	53.26607143
2334	2	2	16	143.4483871	55.09677419
2334	2	2	17	150.06	57.95
2334	2	2	18	150.433871	57.95
2334	3	2	1	117.12	45.03833333
2334	3	2	2	108.0290323	42.7
2334	3	2	3	105.60625	41.55625
2341	1	2	1	167.8483871	65.91935484
2341	1	2	2	139.5375	54.1375
2341	1	2	3	136.0693548	51.85
2341	1	2	4	131.3533333	50.42666667
2341	1	2	5	129.2806452	50.27580645
2341	1	2	6	125.5583333	49.30833333
2341	1	2	7	126.7225806	48.8
2341	1	2	8	125.6403226	48.8
2341	1	2	9	123.7283333	48.8
2341	1	2	10	122	48.60322581
2341	1	2	11	122.61	46.76666667
2341	1	2	12	127.4112903	48.8
2341	1	2	13	123.6725806	48.8
2341	1	2	14	128.2051724	48.8
2341	1	2	15	127.8048387	48.8
2341	1	2	16	131.15	50.325
2341	1	2	17	136.0693548	51.85
2341	1	2	18	137.9616667	53.88333333
2341	1	2	19	141.1854839	54.9
2341	1	2	20	148.6629032	57.55645161
2341	1	2	21	152.6016667	59.67833333
2341	2	2	1	137.3483871	53.22741935
2341	2	2	2	123.0166667	48.19
2341	2	2	3	119.7370968	45.75
2341	2	2	4	121.5080645	45.75
2341	2	2	5	123.3071429	47.05714286
2341	2	2	6	123.4758065	47.32419355
2341	2	2	7	119.255	45.75
2341	2	2	8	122	45.75
2341	2	2	9	122.8133333	48.08833333
2341	2	2	10	125.05	48.8
2341	2	2	11	126.4274194	48.8
2341	2	2	12	125.05	48.8
2341	2	2	13	126.4274194	48.8
2341	2	2	14	127.185	48.8
2341	2	2	15	131.4451613	51.16129032
2341	2	2	16	139.5129032	54.50645161
2341	2	2	17	144.6571429	56.31607143
2341	2	2	18	147.9741935	57.95
2361	1	3	1	214.6806452	82.35
2361	1	3	2	187.6839286	72.00178571
2361	1	3	3	174.3419355	67.59193548
2361	1	3	4	171.0033333	65.67666667
2361	1	3	5	165.8806452	64.05
2361	1	3	6	162.1583333	62.62666667
2361	1	3	7	162.5354839	63.26290323
2361	1	3	8	164.4048387	62.37741935
2361	1	3	9	162.9716667	63.745
2361	1	3	10	166.4709677	64.24677419
2361	1	3	11	173.0366667	67.1
2361	1	3	12	182.4096774	69.85483871
2361	1	3	13	192.0516129	74.18387097
2361	1	3	14	200.8793103	78.87931034
2361	1	3	15	205.4322581	79.3
2361	2	3	1	202.3166667	77.165
2361	2	3	2	181.5241935	70.15
2361	2	3	3	178.12	68.11666667
2361	2	3	4	174.3419355	68.47741935
2361	2	3	5	173.4564516	67.1
2361	2	3	6	170.8	66.99833333
2361	2	3	7	166.766129	64.44354839
2361	2	3	8	168.7666667	65.06666667
2361	2	3	9	167.75	64.05
2361	2	3	10	172.2758065	66.41129032
2361	2	3	11	175.8107143	67.31785714
2361	2	3	12	185.5580645	71.42903226
2361	2	3	13	192.8616667	74.92833333
2361	2	3	14	194.7080645	75.65967742
2361	3	3	1	180.6616667	70.15
2361	3	3	2	176.4080645	67.69032258
2361	3	3	3	147.0887097	56.47419355
2361	3	3	4	156.5666667	60.59333333
2361	3	3	5	156.8290323	61.0983871
2361	3	3	6	128.71	49.715
2361	3	3	7	142.366129	54.9
2361	3	3	8	142.9564516	54.9
2361	3	3	9	160.4517857	62.08928571
2361	3	3	10	179.2612903	68.87096774
2361	3	3	11	194.3866667	75.03
2361	3	3	12	197.5612903	76.93870968
2361	4	3	1	188.2527778	73.70833333
2364	1	3	1	213.2966667	81.84166667
2364	1	3	2	187.8209677	73.2
2364	1	3	3	183.8133333	71.26833333
2364	1	3	4	183.7870968	70.93709677
2364	1	3	5	183.5903226	70.74032258
2364	1	3	6	181.5766667	70.15
2364	1	3	7	187.1322581	71.52741935
2364	1	3	8	187.6766667	71.57333333
2364	1	3	9	186.7387097	72.21612903
2364	1	3	10	194.1177419	74.18387097
2364	1	3	11	196.462069	75.30344828
2364	1	3	12	206.8096774	80.67741935
2364	1	3	13	216.4483333	83.875
2364	1	3	14	221.8629032	85.4
2364	1	3	15	223.6666667	85.4
2364	2	3	1	203.6612903	78.61129032
2364	2	3	2	197.9548387	76.25
2364	2	3	3	195.0983333	76.14833333
2364	2	3	4	192.9370968	73.59354839
2364	2	3	5	193.5733333	74.21666667
2364	2	3	6	190.4774194	73.2
2364	2	3	7	183.983871	70.64193548
2364	2	3	8	182.7821429	71.45714286
2364	2	3	9	189.1	73.2983871
2364	2	3	10	197.5383333	76.555
2364	2	3	11	209.466129	81.26774194
2364	2	3	12	216.55	84.68833333
2364	2	3	13	225.0112903	86.48225806
2364	2	3	14	175.5225806	67.88709677
2364	3	3	1	146.4	57.95
2364	3	3	2	144.4322581	54.9
2364	3	3	3	133.4883333	51.85
2364	3	3	4	132.5274194	51.85
2364	3	3	5	140.1032258	54.21129032
2364	3	3	6	174.2857143	66.66428571
2364	3	3	7	188.116129	73.39677419
2364	3	3	8	193.37	74.42
2364	3	3	9	187.3290323	72.51129032
2364	3	3	10	185.3383333	72.48833333
2364	3	3	11	191.166129	73.2
2364	3	3	12	194.81875	75.86875
2378	1	2	1	169.3241935	65.72258065
2378	1	2	2	135.9283333	51.95166667
2378	1	2	3	129.6741935	50.07903226
2378	1	2	4	129.2183333	48.8
2378	1	2	5	126.7225806	48.8
2378	1	2	6	125.6403226	48.8
2378	1	2	7	122.305	48.8
2378	1	2	8	124.9516129	48.8
2378	1	2	9	125.355	48.8
2378	1	2	10	128.1	48.8
2378	1	2	11	127.116129	48.8
2378	1	2	12	126.6275862	48.8
2378	1	2	13	127.8048387	48.8
2378	1	2	14	128.1	48.8
2378	1	2	15	128.1	48.8
2378	1	2	16	130.845	50.83333333
2378	1	2	17	134.2	51.85
2378	1	2	18	136.7580645	53.12903226
2378	1	2	19	141.9266667	55.00166667
2378	1	2	20	148.5645161	57.95
2378	2	2	1	152.5	57.95
2378	2	2	2	136.4629032	51.45645161
2378	2	2	3	125.5419355	48.8
2378	2	2	4	126.3571429	48.8
2378	2	2	5	128.0016129	48.8
2378	2	2	6	125.05	48.8
2378	2	2	7	124.4596774	48.8
2378	2	2	8	122.8133333	48.8
2378	2	2	9	125.05	48.8
2378	2	2	10	125.05	48.8
2378	2	2	11	128.3033333	49.00333333
2378	2	2	12	130.2645161	50.47258065
2378	2	2	13	134.2	51.85
2378	2	2	14	139.9064516	54.21129032
2378	2	2	15	147.2854839	57.55645161
2378	2	2	16	152.2821429	59.36607143
2378	2	2	17	136.4629032	53.12903226
2378	3	2	1	114.07	43.92
2378	3	2	2	110.783871	42.7
2378	3	2	3	110.715	42.7
2378	3	2	4	111.4725806	42.7
2378	3	2	5	112.85	42.7
2379	1	3	1	219.6	85.4
2379	1	3	2	203.9564516	79.59516129
2379	1	3	3	186.9354839	73.2
2379	1	3	4	185.8321429	72.4375
2379	1	3	5	181.6225806	70.15
2379	1	3	6	181.3733333	70.04833333
2379	1	3	7	174.833871	67.1
2379	1	3	8	170.8	67.1
2379	1	3	9	172.1774194	67.1
2379	1	3	10	171.8822581	67.1
2379	1	3	11	177.9166667	68.42166667
2379	1	3	12	184.2790323	70.15
2379	1	3	13	189.5066667	73.40333333
2379	1	3	14	196.6758065	75.95483871
2379	2	3	1	204.35	79.3
2379	2	3	2	182.8948276	72.77931034
2379	2	3	3	181.0322581	70.15
2379	2	3	4	182.8983333	70.15
2379	2	3	5	178.8677419	68.67419355
2379	2	3	6	182.2883333	70.15
2379	2	3	7	176.8016129	69.26451613
2379	2	3	8	176.5064516	67.1
2379	2	3	9	179.8483333	68.625
2379	2	3	10	182.1145161	70.54354839
2379	2	3	11	186.05	71.77666667
2379	2	3	12	192.3467742	74.08548387
2379	2	3	13	203.1693548	77.43064516
2379	2	3	14	180.1678571	70.36785714
2379	3	3	1	131.5435484	50.57096774
2379	3	3	2	123.0166667	48.495
2379	3	3	3	120.1306452	45.35645161
2379	3	3	4	119.865	45.85166667
2379	3	3	5	126.4274194	48.8
2379	3	3	6	154.6645161	59.91774194
2379	3	3	7	148.23	57.95
2379	3	3	8	152.5	57.95
2379	3	3	9	152.5	57.95
2379	3	3	10	154.8612903	60.31129032
2379	3	3	11	160.8629032	61
2379	3	3	12	180.1678571	69.60535714
2379	3	3	13	204.5467742	79.3983871
2379	3	3	14	216.3466667	84.18
2379	3	3	15	220.583871	84.02258065
2379	3	3	16	225.7	87.73833333
2379	3	3	17	219.7967742	84.71129032
2379	4	3	1	202.44375	79.68125
2401	1	2	1	192.5435484	74.18387097
2401	1	2	2	166.1233333	64.66
2401	1	2	3	158.8951613	61
2401	1	2	4	155.55	61
2401	1	2	5	154.1266667	59.57666667
2401	1	2	6	159.8790323	61
2401	1	2	7	160.8366667	62.83
2401	1	2	8	167.4548387	64.73870968
2401	1	2	9	171.783871	67.1
2401	1	2	10	173.85	67.1
2401	2	2	1	164.5032258	63.36129032
2401	2	2	2	154.1266667	59.475
2401	2	2	3	152.5	57.95
2401	2	2	4	152.5	57.95
2401	2	2	5	151.6145161	57.95
2401	2	2	6	154.7629032	60.60645161
2401	2	2	7	155.7533333	61
2401	2	2	8	160.666129	61.39354839
2401	2	2	9	164.7	64.05
2401	2	2	10	166.9629032	64.05
2401	2	2	11	172.7677419	67.59193548
2401	3	2	1	179.0785714	69.06071429
2401	3	2	2	174.2435484	67.1983871
2401	3	2	3	147.2133333	56.22166667
2401	3	2	4	171.9806452	67.1
2401	3	2	5	150.67	57.84833333
2401	3	2	6	141.6774194	54.21129032
2401	3	2	7	143.6451613	55.19516129
2401	3	2	8	148.0266667	56.52666667
2401	3	2	9	149.45	57.95
2401	3	2	10	151.585	57.95
2401	3	2	11	152.5	57.95
2401	3	2	12	157.7145161	60.60645161
2401	3	2	13	175.8107143	68.18928571
2401	3	2	14	202.7758065	77.72580645
2401	3	2	15	207.4	79.3
2401	3	2	16	206.7112903	79.3
2401	4	2	1	185.6433333	72.285
2401	4	2	2	178.5725806	68.77258065
2401	4	2	3	177.28125	70.15
2402	1	2	1	188.3375	73.2
2402	1	2	2	161.4532258	62.86935484
2402	1	2	3	156.9733333	60.89833333
2402	1	2	4	151.2209677	57.95
2402	1	2	5	148.6366667	57.95
2402	1	2	6	148.5645161	57.95
2402	1	2	7	148.3677419	57.95
2402	1	2	8	146.4	57.95
2402	1	2	9	148.1709677	56.57258065
2402	1	2	10	152.5	57.95
2402	1	2	11	154.566129	60.01612903
2402	1	2	12	159.8790323	61.98387097
2402	1	2	13	166.2775862	64.05
2402	1	2	14	173.2596774	66.80483871
2402	2	2	1	160.125	61.305
2402	2	2	2	152.1064516	57.95
2402	2	2	3	148.7383333	57.95
2402	2	2	4	147.7774194	57.06451613
2402	2	2	5	151.7129032	57.55645161
2402	2	2	6	149.45	57.95
2402	2	2	7	146.7935484	56.57258065
2402	2	2	8	147.4166667	57.34
2402	2	2	9	147.2854839	57.16290323
2402	2	2	10	149.45	57.95
2402	2	2	11	154.8964286	59.25714286
2402	2	2	12	162.9290323	62.47580645
2402	2	2	13	165.005	64.05
2402	2	2	14	168.3403226	64.64032258
2402	2	2	15	144.6716667	56.12
2402	3	2	1	124.5580645	47.71774194
2402	3	2	2	119.2451613	45.75
2402	3	2	3	118.5433333	45.75
2402	3	2	4	117.0806452	45.75
2402	3	2	5	132.5733333	50.63
2402	3	2	6	144.4322581	56.27741935
2402	3	2	7	142.9564516	54.9
2402	3	2	8	154.6785714	59.14821429
2402	3	2	9	170.7016129	67.0016129
2402	3	2	10	171.2066667	67.1
2402	3	2	11	169.7177419	65.03387097
2402	3	2	12	168.665	64.965
2402	3	2	13	170.6032258	65.72258065
2402	3	2	14	173.85	67.1
2409	1	1	1	119.0483871	45.94677419
2409	1	1	2	105.3266667	40.76833333
2409	1	1	3	105.3725806	39.65
2409	1	1	4	104.2903226	39.65
2409	1	1	5	103.7	39.65
2409	1	1	6	105.0774194	39.65
2409	1	1	7	105.835	41.48
2409	1	1	8	108.4225806	42.7
2409	1	1	9	109.8	42.7
2409	1	1	10	108.7482759	41.64827586
2409	1	1	11	109.5048387	42.40483871
2409	1	1	12	109.8	42.7
2409	1	1	13	108.3241935	42.7
2409	1	1	14	109.0883333	42.7
2409	1	1	15	109.0129032	42.7
2409	1	1	16	115.1129032	45.35645161
2409	1	1	17	117.5266667	45.75
2409	1	1	18	122.3935484	46.14354839
2409	1	1	19	125.66	48.8
2409	1	1	20	128.1	48.8
2409	2	1	1	117.5725806	45.06129032
2409	2	1	2	109.8	42.7
2409	2	1	3	108.3241935	42.7
2409	2	1	4	107.055	42.7
2409	2	1	5	107.9306452	42.7
2409	2	1	6	109.0883333	42.7
2409	2	1	7	110.8822581	42.7
2409	2	1	8	111.4725806	42.7
2409	2	1	9	111.4266667	43.005
2409	2	1	10	112.85	42.7
2409	2	1	11	113.5616667	43.41166667
2409	2	1	12	116.883871	45.75
2409	2	1	13	122.8854839	47.02903226
2409	2	1	14	127.8821429	50.21607143
2409	2	1	15	122.8854839	49.98064516
2409	3	1	1	116.7133333	45.34333333
2409	3	1	2	127.0177419	49.19354839
2409	3	1	3	119.56	46.97
2409	3	1	4	115.9983871	45.06129032
2409	3	1	5	155.55	61
2410	1	3	1	222.65	85.4
2410	1	3	2	197.9232143	76.57678571
2410	1	3	3	189.1	73.79032258
2410	1	3	4	181.78	70.35333333
2410	1	3	5	178.6709677	68.87096774
2410	1	3	6	179.4416667	69.64166667
2410	1	3	7	178.4741935	67.88709677
2410	1	3	8	179.1629032	68.77258065
2410	1	3	9	179.95	70.15
2410	1	3	10	185.8532258	71.72419355
2410	1	3	11	190.1166667	73.60666667
2410	1	3	12	197.266129	76.25
2410	1	3	13	203.9564516	78.61129032
2410	1	3	14	210.0293103	81.40344828
2410	1	3	15	211.6306452	83.72741935
2410	2	3	1	210.755	82.045
2410	2	3	2	195.9870968	75.85645161
2410	2	3	3	192.15	73.2
2410	2	3	4	192.15	73.2
2410	2	3	5	186.8370968	70.54354839
2410	2	3	6	184.6266667	71.57333333
2410	2	3	7	186.4435484	71.92096774
2410	2	3	8	187.0666667	73.2
2410	2	3	9	188.3129032	73.2
2410	2	3	10	195.3967742	75.75806452
2410	2	3	11	203.6964286	77.55714286
2410	2	3	12	142.9564516	55.09677419
2410	3	3	1	124.745	48.495
2410	3	3	2	122.7870968	47.32419355
2410	3	3	3	122.1016667	47.275
2410	3	3	4	125.8370968	48.20967742
2410	3	3	5	155.3532258	59.91774194
2410	3	3	6	151.28	58.15333333
2410	3	3	7	154.1725806	59.62258065
2410	3	3	8	156.9733333	61
2410	3	3	9	159.2887097	61
2410	3	3	10	157.3209677	61
2410	3	3	11	174.0678571	66.66428571
2410	3	3	12	195.4951613	74.77419355
2410	3	3	13	203.9433333	78.48666667
2410	3	3	14	207.0064516	80.28387097
2410	4	3	1	201.4525	77.3175
2411	1	1	1	134.7903226	51.25967742
2411	1	1	2	117.3233333	45.64833333
2411	1	1	3	112.5548387	42.7
2411	1	1	4	106.445	41.27666667
2411	1	1	5	108.1274194	42.7
2411	2	1	1	105.3725806	41.32258065
2411	2	1	2	105.4283333	39.955
2411	2	1	3	105.0774194	39.65
2411	2	1	4	105.835	41.48
2411	2	1	5	107.733871	42.7
2411	2	1	6	110.4887097	42.7
2411	2	1	7	111.3775862	42.7
2411	2	1	8	116.6870968	45.45483871
2411	2	1	9	117.425	45.75
2411	2	1	10	120.8193548	46.14354839
2411	2	1	11	126.0666667	48.8
2411	2	1	12	129.4774194	50.17741935
2411	3	1	1	122.983871	47.52096774
2411	3	1	2	113.0533333	42.90333333
2411	3	1	3	114.1290323	44.07741935
2411	3	1	4	136.7416667	53.57833333
2411	3	1	5	109.8	42.7
2411	3	1	6	137.8403226	53.91612903
2411	3	1	7	111.1071429	42.7
2411	3	1	8	111.3741935	42.7
2411	3	1	9	109.8	42.7
2411	3	1	10	110.3903226	42.7
2411	3	1	11	112.85	42.7
2411	3	1	12	112.85	42.7
2411	3	1	13	119.7370968	46.14354839
2411	3	1	14	139.08	53.47666667
2411	3	1	15	143.8419355	54.9
2411	3	1	16	149.0433333	57.035
2411	3	1	17	155.8451613	60.31129032
2411	3	1	18	159.8790323	61
2411	3	1	19	178.6428571	69.60535714
2411	3	1	20	198.4467742	76.44677419
2411	3	1	21	202.1133333	77.87666667
2411	3	1	22	201.2016129	77.23387097
2411	4	1	1	181.3733333	70.15
2411	4	1	2	182.3112903	70.15
2411	4	1	3	183.38125	70.15
2444	1	2	1	173.1612903	66.50967742
2444	1	2	2	141.7758065	54.9
2444	1	2	3	141.3166667	54.9
2444	1	2	4	140.5951613	54.9983871
2444	1	2	5	141.52	54.9
2444	1	2	6	140.3	54.9
2444	1	2	7	142.6612903	54.9
2444	1	2	8	143.6655172	54.9
2444	1	2	9	141.6774194	54.9
2444	1	2	10	143.35	54.9
2444	1	2	11	144.8258065	56.37580645
2444	1	2	12	144.6716667	54.9
2444	1	2	13	143.8419355	56.27741935
2444	1	2	14	144.333871	56.27741935
2444	1	2	15	142.0283333	54.9
2444	1	2	16	148.1709677	56.67096774
2444	1	2	17	151.4833333	57.95
2444	1	2	18	151.516129	58.83548387
2444	1	2	19	157.616129	61
2444	1	2	20	159.9071429	61
2444	1	2	21	164.5032258	63.85322581
2444	1	2	22	166.7333333	64.355
2444	1	2	23	174.5387097	67.1
2444	1	2	24	175.375	67.1
2444	1	2	25	180.7370968	69.55967742
2444	1	2	26	184.0822581	70.15
2444	2	2	1	186.05	73.2
2444	2	2	2	166.8645161	65.23064516
2444	2	2	3	153.2116667	58.66166667
2444	2	2	4	153.5822581	60.01612903
2444	2	2	5	149.45	57.95
2444	2	2	6	150.8660714	57.95
2444	2	2	7	147.9741935	57.95
2444	2	2	8	148.23	57.95
2444	2	2	9	148.0725806	57.26129032
2444	2	2	10	145.6883333	57.23833333
2444	2	2	11	146.4	57.95
2444	2	2	12	149.06875	57.95
2445	1	1	1	151.1928571	59.36607143
2445	1	1	2	132.5274194	50.66935484
2445	1	1	3	128.2016667	48.8
2445	1	1	4	123.4758065	47.52096774
2445	1	1	5	120.0683333	46.86833333
2445	1	1	6	119.7370968	45.75
2445	1	1	7	117.0806452	45.75
2445	1	1	8	115.9	45.75
2445	1	1	9	117.2774194	45.75
2445	1	1	10	118.34	46.055
2445	1	1	11	122.983871	46.73387097
2445	1	1	12	122	46.73387097
2445	1	1	13	123.5775862	47.74827586
2445	1	1	14	123.3774194	48.50483871
2445	1	1	15	125.05	48.8
2445	1	1	16	127.7064516	48.8
2445	1	1	17	127.0833333	48.8
2445	1	1	18	130.3629032	51.06290323
2445	1	1	19	134.0032258	51.85
2445	1	1	20	137.25	51.95166667
2445	1	1	21	141.0870968	54.9
2445	2	1	1	143.35	54.9
2445	2	1	2	129.4774194	50.57096774
2445	2	1	3	122	47.61935484
2445	2	1	4	122	45.75
2445	2	1	5	119.1467742	45.75
2445	2	1	6	118.95	45.75
2445	2	1	7	119.5403226	45.75
2445	2	1	8	122	45.75
2445	2	1	9	122	46.83225806
2445	2	1	10	120.6225806	47.42258065
2445	2	1	11	122	45.75
2445	2	1	12	121.5080645	45.75
2445	2	1	13	121.7966667	46.46166667
2445	2	1	14	126.033871	48.8
2445	2	1	15	128.1	48.8
2445	2	1	16	130.9321429	50.21607143
2445	2	1	17	131.2483871	50.47258065
2445	2	1	18	131.15	51.85
2445	2	1	19	132.5274194	51.85
2445	2	1	20	132.065	51.85
2445	2	1	21	135.3806452	51.85
2445	2	1	22	137.25	51.85
2462	1	3	1	231.8	88.45
2462	1	3	2	208.2714286	79.51785714
2462	1	3	3	195.9870968	76.1516129
2462	1	3	4	193.675	74.82666667
2462	1	3	5	190.2806452	73.2
2462	1	3	6	187.9816667	73.2
2462	1	3	7	186.9354839	73.1016129
2462	1	3	8	189.8870968	73.00322581
2462	1	3	9	189.1	73.2
2462	1	3	10	189.4935484	73.39677419
2462	1	3	11	198.25	76.65666667
2462	1	3	12	210.8435484	81.36612903
2462	1	3	13	213.7951613	83.33387097
2462	1	3	14	223.2810345	86.87241379
2462	2	3	1	222.65	85.4
2462	2	3	2	200.385	76.555
2462	2	3	3	193.7241935	74.77419355
2462	2	3	4	192.3533333	74.82666667
2462	2	3	5	186.6403226	72.41290323
2462	2	3	6	190.083871	73.2
2462	2	3	7	187.6766667	73.2
2462	2	3	8	188.116129	71.82258065
2462	2	3	9	188.0833333	73.2
2462	2	3	10	186.05	73.2
2462	2	3	11	188.4112903	73.2
2462	2	3	12	196.2892857	76.03214286
2462	2	3	13	211.1387097	81.95645161
2462	2	3	14	214.415	82.655
2462	2	3	15	226.5854839	87.36774194
2462	2	3	16	229.5633333	88.45
2462	3	3	1	215.1725806	84.02258065
2462	3	3	2	204.1532258	78.51290323
2462	3	3	3	164.7	63.84666667
2462	3	3	4	183.5903226	72.01935484
2462	3	3	5	178.425	68.21833333
2462	3	3	6	150.3354839	57.45806452
2462	3	3	7	159.8790323	62.27903226
2462	3	3	8	174.2857143	66.77321429
2462	3	3	9	194.1177419	74.97096774
2462	3	3	10	205.3666667	79.70666667
2462	3	3	11	212.516129	83.03870968
2462	3	3	12	225.1553571	86.38035714
2462	3	3	13	232.2919355	89.63064516
2462	3	3	14	235.23125	91.5
