ID	Parity	Treatment	month	DM	ME	GE	FME	CP	ADIN	DMD	a	b	c	NDF
2288	1	1	1	922.1	9.6	17.4	9.6	45	1.3	0.505882353	0.22	0.26	0.08	752
2288	2	1	2	922.1	9.6	17.4	9.6	45	1.3	0.505882353	0.22	0.26	0.08	752
2288	3	1	3	922.1	9.6	17.4	9.6	45	1.3	0.505882353	0.22	0.26	0.08	752
2288	4	1	4	922.1	9.6	17.4	9.6	45	1.3	0.505882353	0.22	0.26	0.08	752
2288	5	1	5	922.1	9.6	17.4	9.6	45	1.3	0.505882353	0.22	0.26	0.08	752
2288	6	1	6	922.1	9.6	17.4	9.6	45	1.3	0.505882353	0.22	0.26	0.08	752
2288	7	1	7	903	9.6	17.4	9.6	45	1.3	0.505882353	0.22	0.26	0.08	752
2288	8	1	8	903	9.6	17.4	9.6	45	1.3	0.505882353	0.22	0.26	0.08	752
2288	9	1	9	903	9.6	17.4	9.6	45	1.3	0.505882353	0.22	0.26	0.08	752
2288	10	1	10	922.1	9.6	17.4	9.6	45	1.3	0.505882353	0.22	0.26	0.08	752
2288	11	1	11	922.1	9.6	17.4	9.6	45	1.3	0.505882353	0.22	0.26	0.08	752
2288	12	1	12	922.1	9.6	17.4	9.6	45	1.3	0.505882353	0.22	0.26	0.08	752
2288	13	1	13	922.1	9.6	17.4	9.6	45	1.3	0.505882353	0.22	0.26	0.08	752
2288	14	1	14	922.1	9.6	17.4	9.6	45	1.3	0.505882353	0.22	0.26	0.08	752
2288	15	1	15	922.1	9.6	17.4	9.6	45	1.3	0.505882353	0.22	0.26	0.08	752
2288	16	1	16	922.1	9.6	17.4	9.6	45	1.3	0.505882353	0.22	0.26	0.08	752
2288	17	1	17	922.1	9.6	17.4	9.6	45	1.3	0.505882353	0.22	0.26	0.08	752
2288	18	1	18	922.1	9.6	17.4	9.6	45	1.3	0.505882353	0.22	0.26	0.08	752
2288	19	1	19	903	9.6	17.4	9.6	45	1.3	0.505882353	0.22	0.26	0.08	752
2288	20	1	20	903	9.6	17.4	9.6	45	1.3	0.505882353	0.22	0.26	0.08	752
2288	21	1	21	903	9.6	17.4	9.6	45	1.3	0.505882353	0.22	0.26	0.08	752
2288	22	1	22	922.1	9.6	17.4	9.6	45	1.3	0.505882353	0.22	0.26	0.08	752
2288	23	1	23	922.1	9.6	17.4	9.6	45	1.3	0.505882353	0.22	0.26	0.08	752
2288	24	1	24	922.1	9.6	17.4	9.6	45	1.3	0.505882353	0.22	0.26	0.08	752
2288	25	1	25	922.1	9.6	17.4	9.6	45	1.3	0.505882353	0.22	0.26	0.08	752
2288	26	1	26	922.1	9.6	17.4	9.6	45	1.3	0.505882353	0.22	0.26	0.08	752
2288	1	1	1	922.1	9.6	17.4	9.6	45	1.3	0.505882353	0.22	0.26	0.08	752
2288	2	1	2	922.1	9.6	17.4	9.6	45	1.3	0.505882353	0.22	0.26	0.08	752
2288	3	1	3	922.1	9.6	17.4	9.6	45	1.3	0.505882353	0.22	0.26	0.08	752
2288	4	1	4	922.1	9.6	17.4	9.6	45	1.3	0.505882353	0.22	0.26	0.08	752
2288	5	1	5	903	9.6	17.4	9.6	45	1.3	0.505882353	0.22	0.26	0.08	752
2288	6	1	6	903	9.6	17.4	9.6	45	1.3	0.505882353	0.22	0.26	0.08	752
2288	7	1	7	903	9.6	17.4	9.6	45	1.3	0.505882353	0.22	0.26	0.08	752
2288	8	1	8	922.1	9.6	17.4	9.6	45	1.3	0.505882353	0.22	0.26	0.08	752
2288	9	1	9	922.1	9.6	17.4	9.6	45	1.3	0.505882353	0.22	0.26	0.08	752
2288	10	1	10	922.1	9.6	17.4	9.6	45	1.3	0.505882353	0.22	0.26	0.08	752
2288	11	1	11	922.1	9.6	17.4	9.6	45	1.3	0.505882353	0.22	0.26	0.08	752
2288	12	1	12	922.1	9.6	17.4	9.6	45	1.3	0.505882353	0.22	0.26	0.08	752
2288	13	1	13	922.1	9.6	17.4	9.6	45	1.3	0.505882353	0.22	0.26	0.08	752
2288	14	1	14	922.1	9.6	17.4	9.6	45	1.3	0.505882353	0.22	0.26	0.08	752
2288	15	1	15	922.1	9.6	17.4	9.6	45	1.3	0.505882353	0.22	0.26	0.08	752
2288	16	1	16	922.1	9.6	17.4	9.6	45	1.3	0.505882353	0.22	0.26	0.08	752
2288	17	1	17	903	9.6	17.4	9.6	45	1.3	0.505882353	0.22	0.26	0.08	752
2288	18	1	18	903	9.6	17.4	9.6	45	1.3	0.505882353	0.22	0.26	0.08	752
2297	1	3	1	922.1	9.6	17.4	9.6	45	1.3	0.437254902	0.22	0.26	0.08	752
2297	2	3	2	922.1	9.6	17.4	9.6	45	1.3	0.437254902	0.22	0.26	0.08	752
2297	3	3	3	922.1	9.6	17.4	9.6	45	1.3	0.437254902	0.22	0.26	0.08	752
2297	4	3	4	922.1	9.6	17.4	9.6	45	1.3	0.437254902	0.22	0.26	0.08	752
2297	5	3	5	922.1	9.6	17.4	9.6	45	1.3	0.437254902	0.22	0.26	0.08	752
2297	6	3	6	903	9.6	17.4	9.6	45	1.3	0.437254902	0.22	0.26	0.08	752
2297	7	3	7	903	9.6	17.4	9.6	45	1.3	0.437254902	0.22	0.26	0.08	752
2297	8	3	8	903	9.6	17.4	9.6	45	1.3	0.437254902	0.22	0.26	0.08	752
2297	9	3	9	922.1	9.6	17.4	9.6	45	1.3	0.437254902	0.22	0.26	0.08	752
2297	10	3	10	922.1	9.6	17.4	9.6	45	1.3	0.437254902	0.22	0.26	0.08	752
2297	11	3	11	922.1	9.6	17.4	9.6	45	1.3	0.437254902	0.22	0.26	0.08	752
2297	12	3	12	922.1	9.6	17.4	9.6	45	1.3	0.437254902	0.22	0.26	0.08	752
2297	13	3	13	922.1	9.6	17.4	9.6	45	1.3	0.437254902	0.22	0.26	0.08	752
2297	14	3	14	922.1	9.6	17.4	9.6	45	1.3	0.437254902	0.22	0.26	0.08	752
2297	1	3	1	922.1	9.6	17.4	9.6	45	1.3	0.437254902	0.22	0.26	0.08	752
2297	2	3	2	922.1	9.6	17.4	9.6	45	1.3	0.437254902	0.22	0.26	0.08	752
2297	3	3	3	922.1	9.6	17.4	9.6	45	1.3	0.437254902	0.22	0.26	0.08	752
2297	4	3	4	903	9.6	17.4	9.6	45	1.3	0.437254902	0.22	0.26	0.08	752
2297	5	3	5	903	9.6	17.4	9.6	45	1.3	0.437254902	0.22	0.26	0.08	752
2297	6	3	6	903	9.6	17.4	9.6	45	1.3	0.437254902	0.22	0.26	0.08	752
2297	7	3	7	922.1	9.6	17.4	9.6	45	1.3	0.437254902	0.22	0.26	0.08	752
2297	8	3	8	922.1	9.6	17.4	9.6	45	1.3	0.437254902	0.22	0.26	0.08	752
2297	9	3	9	922.1	9.6	17.4	9.6	45	1.3	0.437254902	0.22	0.26	0.08	752
2297	10	3	10	922.1	9.6	17.4	9.6	45	1.3	0.437254902	0.22	0.26	0.08	752
2297	11	3	11	922.1	9.6	17.4	9.6	45	1.3	0.437254902	0.22	0.26	0.08	752
2297	1	3	1	922.1	9.6	17.4	9.6	45	1.3	0.437254902	0.22	0.26	0.08	752
2297	2	3	2	922.1	9.6	17.4	9.6	45	1.3	0.437254902	0.22	0.26	0.08	752
2297	3	3	3	922.1	9.6	17.4	9.6	45	1.3	0.437254902	0.22	0.26	0.08	752
2297	4	3	4	922.1	9.6	17.4	9.6	45	1.3	0.437254902	0.22	0.26	0.08	752
2297	5	3	5	903	9.6	17.4	9.6	45	1.3	0.437254902	0.22	0.26	0.08	752
2297	6	3	6	903	9.6	17.4	9.6	45	1.3	0.437254902	0.22	0.26	0.08	752
2297	7	3	7	903	9.6	17.4	9.6	45	1.3	0.437254902	0.22	0.26	0.08	752
2297	8	3	8	922.1	9.6	17.4	9.6	45	1.3	0.437254902	0.22	0.26	0.08	752
2297	9	3	9	922.1	9.6	17.4	9.6	45	1.3	0.437254902	0.22	0.26	0.08	752
2297	10	3	10	922.1	9.6	17.4	9.6	45	1.3	0.437254902	0.22	0.26	0.08	752
2297	11	3	11	922.1	9.6	17.4	9.6	45	1.3	0.437254902	0.22	0.26	0.08	752
2297	12	3	12	922.1	9.6	17.4	9.6	45	1.3	0.437254902	0.22	0.26	0.08	752
2297	13	3	13	922.1	9.6	17.4	9.6	45	1.3	0.437254902	0.22	0.26	0.08	752
2297	14	3	14	922.1	9.6	17.4	9.6	45	1.3	0.437254902	0.22	0.26	0.08	752
2297	15	3	15	922.1	9.6	17.4	9.6	45	1.3	0.437254902	0.22	0.26	0.08	752
2297	16	3	16	922.1	9.6	17.4	9.6	45	1.3	0.437254902	0.22	0.26	0.08	752
2297	17	3	17	903	9.6	17.4	9.6	45	1.3	0.437254902	0.22	0.26	0.08	752
2297	18	3	18	903	9.6	17.4	9.6	45	1.3	0.437254902	0.22	0.26	0.08	752
2315	1	1	1	922.1	9.6	17.4	9.6	45	1.3	0.505882353	0.22	0.26	0.08	752
2315	2	1	2	903	9.6	17.4	9.6	45	1.3	0.505882353	0.22	0.26	0.08	752
2315	3	1	3	903	9.6	17.4	9.6	45	1.3	0.505882353	0.22	0.26	0.08	752
2315	4	1	4	903	9.6	17.4	9.6	45	1.3	0.505882353	0.22	0.26	0.08	752
2315	5	1	5	922.1	9.6	17.4	9.6	45	1.3	0.505882353	0.22	0.26	0.08	752
2315	6	1	6	922.1	9.6	17.4	9.6	45	1.3	0.505882353	0.22	0.26	0.08	752
2315	7	1	7	922.1	9.6	17.4	9.6	45	1.3	0.505882353	0.22	0.26	0.08	752
2315	8	1	8	922.1	9.6	17.4	9.6	45	1.3	0.505882353	0.22	0.26	0.08	752
2315	9	1	9	922.1	9.6	17.4	9.6	45	1.3	0.505882353	0.22	0.26	0.08	752
2315	10	1	10	922.1	9.6	17.4	9.6	45	1.3	0.505882353	0.22	0.26	0.08	752
2315	11	1	11	922.1	9.6	17.4	9.6	45	1.3	0.505882353	0.22	0.26	0.08	752
2315	12	1	12	922.1	9.6	17.4	9.6	45	1.3	0.505882353	0.22	0.26	0.08	752
2315	13	1	13	922.1	9.6	17.4	9.6	45	1.3	0.505882353	0.22	0.26	0.08	752
2315	14	1	14	903	9.6	17.4	9.6	45	1.3	0.505882353	0.22	0.26	0.08	752
2315	15	1	15	903	9.6	17.4	9.6	45	1.3	0.505882353	0.22	0.26	0.08	752
2315	1	1	1	903	9.6	17.4	9.6	45	1.3	0.505882353	0.22	0.26	0.08	752
2315	2	1	2	922.1	9.6	17.4	9.6	45	1.3	0.505882353	0.22	0.26	0.08	752
2315	3	1	3	922.1	9.6	17.4	9.6	45	1.3	0.505882353	0.22	0.26	0.08	752
2315	4	1	4	922.1	9.6	17.4	9.6	45	1.3	0.505882353	0.22	0.26	0.08	752
2315	5	1	5	922.1	9.6	17.4	9.6	45	1.3	0.505882353	0.22	0.26	0.08	752
2315	6	1	6	922.1	9.6	17.4	9.6	45	1.3	0.505882353	0.22	0.26	0.08	752
2315	7	1	7	922.1	9.6	17.4	9.6	45	1.3	0.505882353	0.22	0.26	0.08	752
2315	8	1	8	922.1	9.6	17.4	9.6	45	1.3	0.505882353	0.22	0.26	0.08	752
2315	9	1	9	922.1	9.6	17.4	9.6	45	1.3	0.505882353	0.22	0.26	0.08	752
2315	10	1	10	922.1	9.6	17.4	9.6	45	1.3	0.505882353	0.22	0.26	0.08	752
2315	11	1	11	903	9.6	17.4	9.6	45	1.3	0.505882353	0.22	0.26	0.08	752
2315	12	1	12	903	9.6	17.4	9.6	45	1.3	0.505882353	0.22	0.26	0.08	752
2315	13	1	13	903	9.6	17.4	9.6	45	1.3	0.505882353	0.22	0.26	0.08	752
2315	14	1	14	922.1	9.6	17.4	9.6	45	1.3	0.505882353	0.22	0.26	0.08	752
2315	15	1	15	922.1	9.6	17.4	9.6	45	1.3	0.505882353	0.22	0.26	0.08	752
2315	16	1	16	922.1	9.6	17.4	9.6	45	1.3	0.505882353	0.22	0.26	0.08	752
2315	17	1	17	922.1	9.6	17.4	9.6	45	1.3	0.505882353	0.22	0.26	0.08	752
2315	18	1	18	922.1	9.6	17.4	9.6	45	1.3	0.505882353	0.22	0.26	0.08	752
2315	1	1	1	922.1	9.6	17.4	9.6	45	1.3	0.505882353	0.22	0.26	0.08	752
2315	2	1	2	922.1	9.6	17.4	9.6	45	1.3	0.505882353	0.22	0.26	0.08	752
2315	3	1	3	922.1	9.6	17.4	9.6	45	1.3	0.505882353	0.22	0.26	0.08	752
2315	4	1	4	922.1	9.6	17.4	9.6	45	1.3	0.505882353	0.22	0.26	0.08	752
2315	5	1	5	903	9.6	17.4	9.6	45	1.3	0.505882353	0.22	0.26	0.08	752
2315	6	1	6	903	9.6	17.4	9.6	45	1.3	0.505882353	0.22	0.26	0.08	752
2321	1	1	1	922.1	9.6	17.4	9.6	45	1.3	0.505882353	0.22	0.26	0.08	752
2321	2	1	2	922.1	9.6	17.4	9.6	45	1.3	0.505882353	0.22	0.26	0.08	752
2321	3	1	3	922.1	9.6	17.4	9.6	45	1.3	0.505882353	0.22	0.26	0.08	752
2321	4	1	4	922.1	9.6	17.4	9.6	45	1.3	0.505882353	0.22	0.26	0.08	752
2321	5	1	5	922.1	9.6	17.4	9.6	45	1.3	0.505882353	0.22	0.26	0.08	752
2321	6	1	6	922.1	9.6	17.4	9.6	45	1.3	0.505882353	0.22	0.26	0.08	752
2321	7	1	7	903	9.6	17.4	9.6	45	1.3	0.505882353	0.22	0.26	0.08	752
2321	8	1	8	903	9.6	17.4	9.6	45	1.3	0.505882353	0.22	0.26	0.08	752
2321	9	1	9	903	9.6	17.4	9.6	45	1.3	0.505882353	0.22	0.26	0.08	752
2321	10	1	10	922.1	9.6	17.4	9.6	45	1.3	0.505882353	0.22	0.26	0.08	752
2321	11	1	11	922.1	9.6	17.4	9.6	45	1.3	0.505882353	0.22	0.26	0.08	752
2321	12	1	12	922.1	9.6	17.4	9.6	45	1.3	0.505882353	0.22	0.26	0.08	752
2321	13	1	13	922.1	9.6	17.4	9.6	45	1.3	0.505882353	0.22	0.26	0.08	752
2321	14	1	14	922.1	9.6	17.4	9.6	45	1.3	0.505882353	0.22	0.26	0.08	752
2321	15	1	15	922.1	9.6	17.4	9.6	45	1.3	0.505882353	0.22	0.26	0.08	752
2321	16	1	16	922.1	9.6	17.4	9.6	45	1.3	0.505882353	0.22	0.26	0.08	752
2321	17	1	17	922.1	9.6	17.4	9.6	45	1.3	0.505882353	0.22	0.26	0.08	752
2321	18	1	18	922.1	9.6	17.4	9.6	45	1.3	0.505882353	0.22	0.26	0.08	752
2321	19	1	19	903	9.6	17.4	9.6	45	1.3	0.505882353	0.22	0.26	0.08	752
2321	20	1	20	903	9.6	17.4	9.6	45	1.3	0.505882353	0.22	0.26	0.08	752
2321	21	1	21	903	9.6	17.4	9.6	45	1.3	0.505882353	0.22	0.26	0.08	752
2321	22	1	22	922.1	9.6	17.4	9.6	45	1.3	0.505882353	0.22	0.26	0.08	752
2321	23	1	23	922.1	9.6	17.4	9.6	45	1.3	0.505882353	0.22	0.26	0.08	752
2321	24	1	24	922.1	9.6	17.4	9.6	45	1.3	0.505882353	0.22	0.26	0.08	752
2321	25	1	25	922.1	9.6	17.4	9.6	45	1.3	0.505882353	0.22	0.26	0.08	752
2321	26	1	26	922.1	9.6	17.4	9.6	45	1.3	0.505882353	0.22	0.26	0.08	752
2321	1	1	1	922.1	9.6	17.4	9.6	45	1.3	0.505882353	0.22	0.26	0.08	752
2321	2	1	2	922.1	9.6	17.4	9.6	45	1.3	0.505882353	0.22	0.26	0.08	752
2321	3	1	3	922.1	9.6	17.4	9.6	45	1.3	0.505882353	0.22	0.26	0.08	752
2321	4	1	4	922.1	9.6	17.4	9.6	45	1.3	0.505882353	0.22	0.26	0.08	752
2321	5	1	5	903	9.6	17.4	9.6	45	1.3	0.505882353	0.22	0.26	0.08	752
2321	6	1	6	903	9.6	17.4	9.6	45	1.3	0.505882353	0.22	0.26	0.08	752
2321	7	1	7	903	9.6	17.4	9.6	45	1.3	0.505882353	0.22	0.26	0.08	752
2321	8	1	8	922.1	9.6	17.4	9.6	45	1.3	0.505882353	0.22	0.26	0.08	752
2321	9	1	9	922.1	9.6	17.4	9.6	45	1.3	0.505882353	0.22	0.26	0.08	752
2321	10	1	10	922.1	9.6	17.4	9.6	45	1.3	0.505882353	0.22	0.26	0.08	752
2321	11	1	11	922.1	9.6	17.4	9.6	45	1.3	0.505882353	0.22	0.26	0.08	752
2321	12	1	12	922.1	9.6	17.4	9.6	45	1.3	0.505882353	0.22	0.26	0.08	752
2321	13	1	13	922.1	9.6	17.4	9.6	45	1.3	0.505882353	0.22	0.26	0.08	752
2321	14	1	14	922.1	9.6	17.4	9.6	45	1.3	0.505882353	0.22	0.26	0.08	752
2321	15	1	15	922.1	9.6	17.4	9.6	45	1.3	0.505882353	0.22	0.26	0.08	752
2321	1	1	1	922.1	9.6	17.4	9.6	45	1.3	0.505882353	0.22	0.26	0.08	752
2321	2	1	2	903	9.6	17.4	9.6	45	1.3	0.505882353	0.22	0.26	0.08	752
2321	3	1	3	903	9.6	17.4	9.6	45	1.3	0.505882353	0.22	0.26	0.08	752
2323	1	2	1	922.1	9.6	17.4	9.6	45	1.3	0.504901961	0.22	0.26	0.08	752
2323	2	2	2	922.1	9.6	17.4	9.6	45	1.3	0.504901961	0.22	0.26	0.08	752
2323	3	2	3	922.1	9.6	17.4	9.6	45	1.3	0.504901961	0.22	0.26	0.08	752
2323	4	2	4	922.1	9.6	17.4	9.6	45	1.3	0.504901961	0.22	0.26	0.08	752
2323	5	2	5	922.1	9.6	17.4	9.6	45	1.3	0.504901961	0.22	0.26	0.08	752
2323	6	2	6	903	9.6	17.4	9.6	45	1.3	0.504901961	0.22	0.26	0.08	752
2323	7	2	7	903	9.6	17.4	9.6	45	1.3	0.504901961	0.22	0.26	0.08	752
2323	8	2	8	903	9.6	17.4	9.6	45	1.3	0.504901961	0.22	0.26	0.08	752
2323	9	2	9	922.1	9.6	17.4	9.6	45	1.3	0.504901961	0.22	0.26	0.08	752
2323	10	2	10	922.1	9.6	17.4	9.6	45	1.3	0.504901961	0.22	0.26	0.08	752
2323	11	2	11	922.1	9.6	17.4	9.6	45	1.3	0.504901961	0.22	0.26	0.08	752
2323	12	2	12	922.1	9.6	17.4	9.6	45	1.3	0.504901961	0.22	0.26	0.08	752
2323	13	2	13	922.1	9.6	17.4	9.6	45	1.3	0.504901961	0.22	0.26	0.08	752
2323	14	2	14	922.1	9.6	17.4	9.6	45	1.3	0.504901961	0.22	0.26	0.08	752
2323	15	2	15	922.1	9.6	17.4	9.6	45	1.3	0.504901961	0.22	0.26	0.08	752
2323	16	2	16	922.1	9.6	17.4	9.6	45	1.3	0.504901961	0.22	0.26	0.08	752
2323	17	2	17	922.1	9.6	17.4	9.6	45	1.3	0.504901961	0.22	0.26	0.08	752
2323	18	2	18	903	9.6	17.4	9.6	45	1.3	0.504901961	0.22	0.26	0.08	752
2323	19	2	19	903	9.6	17.4	9.6	45	1.3	0.504901961	0.22	0.26	0.08	752
2323	20	2	20	903	9.6	17.4	9.6	45	1.3	0.504901961	0.22	0.26	0.08	752
2323	21	2	21	922.1	9.6	17.4	9.6	45	1.3	0.504901961	0.22	0.26	0.08	752
2323	1	2	1	922.1	9.6	17.4	9.6	45	1.3	0.504901961	0.22	0.26	0.08	752
2323	2	2	2	922.1	9.6	17.4	9.6	45	1.3	0.504901961	0.22	0.26	0.08	752
2323	3	2	3	922.1	9.6	17.4	9.6	45	1.3	0.504901961	0.22	0.26	0.08	752
2323	4	2	4	922.1	9.6	17.4	9.6	45	1.3	0.504901961	0.22	0.26	0.08	752
2323	5	2	5	922.1	9.6	17.4	9.6	45	1.3	0.504901961	0.22	0.26	0.08	752
2323	6	2	6	922.1	9.6	17.4	9.6	45	1.3	0.504901961	0.22	0.26	0.08	752
2323	7	2	7	922.1	9.6	17.4	9.6	45	1.3	0.504901961	0.22	0.26	0.08	752
2323	8	2	8	922.1	9.6	17.4	9.6	45	1.3	0.504901961	0.22	0.26	0.08	752
2323	9	2	9	903	9.6	17.4	9.6	45	1.3	0.504901961	0.22	0.26	0.08	752
2323	10	2	10	903	9.6	17.4	9.6	45	1.3	0.504901961	0.22	0.26	0.08	752
2323	11	2	11	903	9.6	17.4	9.6	45	1.3	0.504901961	0.22	0.26	0.08	752
2323	12	2	12	922.1	9.6	17.4	9.6	45	1.3	0.504901961	0.22	0.26	0.08	752
2323	13	2	13	922.1	9.6	17.4	9.6	45	1.3	0.504901961	0.22	0.26	0.08	752
2323	14	2	14	922.1	9.6	17.4	9.6	45	1.3	0.504901961	0.22	0.26	0.08	752
2323	15	2	15	922.1	9.6	17.4	9.6	45	1.3	0.504901961	0.22	0.26	0.08	752
2323	16	2	16	922.1	9.6	17.4	9.6	45	1.3	0.504901961	0.22	0.26	0.08	752
2323	17	2	17	922.1	9.6	17.4	9.6	45	1.3	0.504901961	0.22	0.26	0.08	752
2323	18	2	18	922.1	9.6	17.4	9.6	45	1.3	0.504901961	0.22	0.26	0.08	752
2324	1	1	1	903	9.6	17.4	9.6	45	1.3	0.505882353	0.22	0.26	0.08	752
2324	2	1	2	903	9.6	17.4	9.6	45	1.3	0.505882353	0.22	0.26	0.08	752
2324	3	1	3	903	9.6	17.4	9.6	45	1.3	0.505882353	0.22	0.26	0.08	752
2324	4	1	4	922.1	9.6	17.4	9.6	45	1.3	0.505882353	0.22	0.26	0.08	752
2324	5	1	5	903	9.6	17.4	9.6	45	1.3	0.505882353	0.22	0.26	0.08	752
2324	6	1	6	903	9.6	17.4	9.6	45	1.3	0.505882353	0.22	0.26	0.08	752
2324	7	1	7	922.1	9.6	17.4	9.6	45	1.3	0.505882353	0.22	0.26	0.08	752
2324	8	1	8	922.1	9.6	17.4	9.6	45	1.3	0.505882353	0.22	0.26	0.08	752
2324	9	1	9	922.1	9.6	17.4	9.6	45	1.3	0.505882353	0.22	0.26	0.08	752
2324	10	1	10	922.1	9.6	17.4	9.6	45	1.3	0.505882353	0.22	0.26	0.08	752
2324	11	1	11	922.1	9.6	17.4	9.6	45	1.3	0.505882353	0.22	0.26	0.08	752
2324	1	1	1	922.1	9.6	17.4	9.6	45	1.3	0.505882353	0.22	0.26	0.08	752
2324	2	1	2	922.1	9.6	17.4	9.6	45	1.3	0.505882353	0.22	0.26	0.08	752
2324	3	1	3	922.1	9.6	17.4	9.6	45	1.3	0.505882353	0.22	0.26	0.08	752
2324	4	1	4	922.1	9.6	17.4	9.6	45	1.3	0.505882353	0.22	0.26	0.08	752
2324	5	1	5	903	9.6	17.4	9.6	45	1.3	0.505882353	0.22	0.26	0.08	752
2324	6	1	6	903	9.6	17.4	9.6	45	1.3	0.505882353	0.22	0.26	0.08	752
2324	7	1	7	903	9.6	17.4	9.6	45	1.3	0.505882353	0.22	0.26	0.08	752
2324	8	1	8	922.1	9.6	17.4	9.6	45	1.3	0.505882353	0.22	0.26	0.08	752
2324	9	1	9	922.1	9.6	17.4	9.6	45	1.3	0.505882353	0.22	0.26	0.08	752
2324	10	1	10	922.1	9.6	17.4	9.6	45	1.3	0.505882353	0.22	0.26	0.08	752
2324	11	1	11	922.1	9.6	17.4	9.6	45	1.3	0.505882353	0.22	0.26	0.08	752
2324	12	1	12	922.1	9.6	17.4	9.6	45	1.3	0.505882353	0.22	0.26	0.08	752
2324	13	1	13	922.1	9.6	17.4	9.6	45	1.3	0.505882353	0.22	0.26	0.08	752
2324	14	1	14	922.1	9.6	17.4	9.6	45	1.3	0.505882353	0.22	0.26	0.08	752
2324	15	1	15	922.1	9.6	17.4	9.6	45	1.3	0.505882353	0.22	0.26	0.08	752
2324	16	1	16	922.1	9.6	17.4	9.6	45	1.3	0.505882353	0.22	0.26	0.08	752
2324	17	1	17	903	9.6	17.4	9.6	45	1.3	0.505882353	0.22	0.26	0.08	752
2324	18	1	18	903	9.6	17.4	9.6	45	1.3	0.505882353	0.22	0.26	0.08	752
2327	1	3	1	922.1	9.6	17.4	9.6	45	1.3	0.437254902	0.22	0.26	0.08	752
2327	2	3	2	922.1	9.6	17.4	9.6	45	1.3	0.437254902	0.22	0.26	0.08	752
2327	3	3	3	922.1	9.6	17.4	9.6	45	1.3	0.437254902	0.22	0.26	0.08	752
2327	4	3	4	922.1	9.6	17.4	9.6	45	1.3	0.437254902	0.22	0.26	0.08	752
2327	5	3	5	922.1	9.6	17.4	9.6	45	1.3	0.437254902	0.22	0.26	0.08	752
2327	6	3	6	903	9.6	17.4	9.6	45	1.3	0.437254902	0.22	0.26	0.08	752
2327	7	3	7	903	9.6	17.4	9.6	45	1.3	0.437254902	0.22	0.26	0.08	752
2327	8	3	8	903	9.6	17.4	9.6	45	1.3	0.437254902	0.22	0.26	0.08	752
2327	9	3	9	922.1	9.6	17.4	9.6	45	1.3	0.437254902	0.22	0.26	0.08	752
2327	10	3	10	922.1	9.6	17.4	9.6	45	1.3	0.437254902	0.22	0.26	0.08	752
2327	11	3	11	922.1	9.6	17.4	9.6	45	1.3	0.437254902	0.22	0.26	0.08	752
2327	12	3	12	922.1	9.6	17.4	9.6	45	1.3	0.437254902	0.22	0.26	0.08	752
2327	13	3	13	922.1	9.6	17.4	9.6	45	1.3	0.437254902	0.22	0.26	0.08	752
2327	1	3	1	922.1	9.6	17.4	9.6	45	1.3	0.437254902	0.22	0.26	0.08	752
2327	2	3	2	922.1	9.6	17.4	9.6	45	1.3	0.437254902	0.22	0.26	0.08	752
2327	3	3	3	922.1	9.6	17.4	9.6	45	1.3	0.437254902	0.22	0.26	0.08	752
2327	4	3	4	922.1	9.6	17.4	9.6	45	1.3	0.437254902	0.22	0.26	0.08	752
2327	5	3	5	903	9.6	17.4	9.6	45	1.3	0.437254902	0.22	0.26	0.08	752
2327	6	3	6	903	9.6	17.4	9.6	45	1.3	0.437254902	0.22	0.26	0.08	752
2327	7	3	7	903	9.6	17.4	9.6	45	1.3	0.437254902	0.22	0.26	0.08	752
2327	8	3	8	922.1	9.6	17.4	9.6	45	1.3	0.437254902	0.22	0.26	0.08	752
2327	9	3	9	922.1	9.6	17.4	9.6	45	1.3	0.437254902	0.22	0.26	0.08	752
2327	10	3	10	922.1	9.6	17.4	9.6	45	1.3	0.437254902	0.22	0.26	0.08	752
2327	11	3	11	922.1	9.6	17.4	9.6	45	1.3	0.437254902	0.22	0.26	0.08	752
2327	12	3	12	922.1	9.6	17.4	9.6	45	1.3	0.437254902	0.22	0.26	0.08	752
2327	13	3	13	922.1	9.6	17.4	9.6	45	1.3	0.437254902	0.22	0.26	0.08	752
2327	14	3	14	922.1	9.6	17.4	9.6	45	1.3	0.437254902	0.22	0.26	0.08	752
2327	1	3	1	922.1	9.6	17.4	9.6	45	1.3	0.437254902	0.22	0.26	0.08	752
2327	2	3	2	922.1	9.6	17.4	9.6	45	1.3	0.437254902	0.22	0.26	0.08	752
2327	3	3	3	903	9.6	17.4	9.6	45	1.3	0.437254902	0.22	0.26	0.08	752
2327	4	3	4	903	9.6	17.4	9.6	45	1.3	0.437254902	0.22	0.26	0.08	752
2327	5	3	5	903	9.6	17.4	9.6	45	1.3	0.437254902	0.22	0.26	0.08	752
2327	6	3	6	922.1	9.6	17.4	9.6	45	1.3	0.437254902	0.22	0.26	0.08	752
2327	7	3	7	922.1	9.6	17.4	9.6	45	1.3	0.437254902	0.22	0.26	0.08	752
2327	8	3	8	922.1	9.6	17.4	9.6	45	1.3	0.437254902	0.22	0.26	0.08	752
2327	9	3	9	922.1	9.6	17.4	9.6	45	1.3	0.437254902	0.22	0.26	0.08	752
2327	10	3	10	922.1	9.6	17.4	9.6	45	1.3	0.437254902	0.22	0.26	0.08	752
2327	11	3	11	922.1	9.6	17.4	9.6	45	1.3	0.437254902	0.22	0.26	0.08	752
2327	12	3	12	922.1	9.6	17.4	9.6	45	1.3	0.437254902	0.22	0.26	0.08	752
2327	13	3	13	922.1	9.6	17.4	9.6	45	1.3	0.437254902	0.22	0.26	0.08	752
2327	14	3	14	922.1	9.6	17.4	9.6	45	1.3	0.437254902	0.22	0.26	0.08	752
2327	15	3	15	903	9.6	17.4	9.6	45	1.3	0.437254902	0.22	0.26	0.08	752
2327	16	3	16	903	9.6	17.4	9.6	45	1.3	0.437254902	0.22	0.26	0.08	752
2330	1	3	1	922.1	9.6	17.4	9.6	45	1.3	0.437254902	0.22	0.26	0.08	752
2330	2	3	2	922.1	9.6	17.4	9.6	45	1.3	0.437254902	0.22	0.26	0.08	752
2330	3	3	3	903	9.6	17.4	9.6	45	1.3	0.437254902	0.22	0.26	0.08	752
2330	4	3	4	903	9.6	17.4	9.6	45	1.3	0.437254902	0.22	0.26	0.08	752
2330	5	3	5	903	9.6	17.4	9.6	45	1.3	0.437254902	0.22	0.26	0.08	752
2330	6	3	6	922.1	9.6	17.4	9.6	45	1.3	0.437254902	0.22	0.26	0.08	752
2330	7	3	7	922.1	9.6	17.4	9.6	45	1.3	0.437254902	0.22	0.26	0.08	752
2330	8	3	8	922.1	9.6	17.4	9.6	45	1.3	0.437254902	0.22	0.26	0.08	752
2330	9	3	9	922.1	9.6	17.4	9.6	45	1.3	0.437254902	0.22	0.26	0.08	752
2330	10	3	10	922.1	9.6	17.4	9.6	45	1.3	0.437254902	0.22	0.26	0.08	752
2330	11	3	11	922.1	9.6	17.4	9.6	45	1.3	0.437254902	0.22	0.26	0.08	752
2330	12	3	12	922.1	9.6	17.4	9.6	45	1.3	0.437254902	0.22	0.26	0.08	752
2330	13	3	13	922.1	9.6	17.4	9.6	45	1.3	0.437254902	0.22	0.26	0.08	752
2330	14	3	14	922.1	9.6	17.4	9.6	45	1.3	0.437254902	0.22	0.26	0.08	752
2330	15	3	15	903	9.6	17.4	9.6	45	1.3	0.437254902	0.22	0.26	0.08	752
2330	16	3	16	903	9.6	17.4	9.6	45	1.3	0.437254902	0.22	0.26	0.08	752
2330	17	3	17	903	9.6	17.4	9.6	45	1.3	0.437254902	0.22	0.26	0.08	752
2330	18	3	18	922.1	9.6	17.4	9.6	45	1.3	0.437254902	0.22	0.26	0.08	752
2330	19	3	19	922.1	9.6	17.4	9.6	45	1.3	0.437254902	0.22	0.26	0.08	752
2330	20	3	20	922.1	9.6	17.4	9.6	45	1.3	0.437254902	0.22	0.26	0.08	752
2330	21	3	21	922.1	9.6	17.4	9.6	45	1.3	0.437254902	0.22	0.26	0.08	752
2330	22	3	22	922.1	9.6	17.4	9.6	45	1.3	0.437254902	0.22	0.26	0.08	752
2330	23	3	23	922.1	9.6	17.4	9.6	45	1.3	0.437254902	0.22	0.26	0.08	752
2330	1	3	1	922.1	9.6	17.4	9.6	45	1.3	0.437254902	0.22	0.26	0.08	752
2330	2	3	2	922.1	9.6	17.4	9.6	45	1.3	0.437254902	0.22	0.26	0.08	752
2330	3	3	3	922.1	9.6	17.4	9.6	45	1.3	0.437254902	0.22	0.26	0.08	752
2330	4	3	4	903	9.6	17.4	9.6	45	1.3	0.437254902	0.22	0.26	0.08	752
2330	5	3	5	903	9.6	17.4	9.6	45	1.3	0.437254902	0.22	0.26	0.08	752
2330	6	3	6	903	9.6	17.4	9.6	45	1.3	0.437254902	0.22	0.26	0.08	752
2330	7	3	7	922.1	9.6	17.4	9.6	45	1.3	0.437254902	0.22	0.26	0.08	752
2330	8	3	8	922.1	9.6	17.4	9.6	45	1.3	0.437254902	0.22	0.26	0.08	752
2330	9	3	9	922.1	9.6	17.4	9.6	45	1.3	0.437254902	0.22	0.26	0.08	752
2330	10	3	10	922.1	9.6	17.4	9.6	45	1.3	0.437254902	0.22	0.26	0.08	752
2330	11	3	11	922.1	9.6	17.4	9.6	45	1.3	0.437254902	0.22	0.26	0.08	752
2330	12	3	12	922.1	9.6	17.4	9.6	45	1.3	0.437254902	0.22	0.26	0.08	752
2330	13	3	13	922.1	9.6	17.4	9.6	45	1.3	0.437254902	0.22	0.26	0.08	752
2330	14	3	14	922.1	9.6	17.4	9.6	45	1.3	0.437254902	0.22	0.26	0.08	752
2330	15	3	15	922.1	9.6	17.4	9.6	45	1.3	0.437254902	0.22	0.26	0.08	752
2330	1	3	1	903	9.6	17.4	9.6	45	1.3	0.437254902	0.22	0.26	0.08	752
2330	2	3	2	903	9.6	17.4	9.6	45	1.3	0.437254902	0.22	0.26	0.08	752
2334	1	2	1	922.1	9.6	17.4	9.6	45	1.3	0.504901961	0.22	0.26	0.08	752
2334	2	2	2	922.1	9.6	17.4	9.6	45	1.3	0.504901961	0.22	0.26	0.08	752
2334	3	2	3	922.1	9.6	17.4	9.6	45	1.3	0.504901961	0.22	0.26	0.08	752
2334	4	2	4	922.1	9.6	17.4	9.6	45	1.3	0.504901961	0.22	0.26	0.08	752
2334	5	2	5	922.1	9.6	17.4	9.6	45	1.3	0.504901961	0.22	0.26	0.08	752
2334	6	2	6	903	9.6	17.4	9.6	45	1.3	0.504901961	0.22	0.26	0.08	752
2334	7	2	7	903	9.6	17.4	9.6	45	1.3	0.504901961	0.22	0.26	0.08	752
2334	8	2	8	903	9.6	17.4	9.6	45	1.3	0.504901961	0.22	0.26	0.08	752
2334	9	2	9	922.1	9.6	17.4	9.6	45	1.3	0.504901961	0.22	0.26	0.08	752
2334	10	2	10	922.1	9.6	17.4	9.6	45	1.3	0.504901961	0.22	0.26	0.08	752
2334	11	2	11	922.1	9.6	17.4	9.6	45	1.3	0.504901961	0.22	0.26	0.08	752
2334	12	2	12	922.1	9.6	17.4	9.6	45	1.3	0.504901961	0.22	0.26	0.08	752
2334	13	2	13	922.1	9.6	17.4	9.6	45	1.3	0.504901961	0.22	0.26	0.08	752
2334	14	2	14	922.1	9.6	17.4	9.6	45	1.3	0.504901961	0.22	0.26	0.08	752
2334	15	2	15	922.1	9.6	17.4	9.6	45	1.3	0.504901961	0.22	0.26	0.08	752
2334	16	2	16	922.1	9.6	17.4	9.6	45	1.3	0.504901961	0.22	0.26	0.08	752
2334	17	2	17	922.1	9.6	17.4	9.6	45	1.3	0.504901961	0.22	0.26	0.08	752
2334	18	2	18	903	9.6	17.4	9.6	45	1.3	0.504901961	0.22	0.26	0.08	752
2334	19	2	19	903	9.6	17.4	9.6	45	1.3	0.504901961	0.22	0.26	0.08	752
2334	20	2	20	903	9.6	17.4	9.6	45	1.3	0.504901961	0.22	0.26	0.08	752
2334	21	2	21	922.1	9.6	17.4	9.6	45	1.3	0.504901961	0.22	0.26	0.08	752
2334	22	2	22	922.1	9.6	17.4	9.6	45	1.3	0.504901961	0.22	0.26	0.08	752
2334	1	2	1	922.1	9.6	17.4	9.6	45	1.3	0.504901961	0.22	0.26	0.08	752
2334	2	2	2	922.1	9.6	17.4	9.6	45	1.3	0.504901961	0.22	0.26	0.08	752
2334	3	2	3	922.1	9.6	17.4	9.6	45	1.3	0.504901961	0.22	0.26	0.08	752
2334	4	2	4	922.1	9.6	17.4	9.6	45	1.3	0.504901961	0.22	0.26	0.08	752
2334	5	2	5	922.1	9.6	17.4	9.6	45	1.3	0.504901961	0.22	0.26	0.08	752
2334	6	2	6	922.1	9.6	17.4	9.6	45	1.3	0.504901961	0.22	0.26	0.08	752
2334	7	2	7	922.1	9.6	17.4	9.6	45	1.3	0.504901961	0.22	0.26	0.08	752
2334	8	2	8	903	9.6	17.4	9.6	45	1.3	0.504901961	0.22	0.26	0.08	752
2334	9	2	9	903	9.6	17.4	9.6	45	1.3	0.504901961	0.22	0.26	0.08	752
2334	10	2	10	903	9.6	17.4	9.6	45	1.3	0.504901961	0.22	0.26	0.08	752
2334	11	2	11	922.1	9.6	17.4	9.6	45	1.3	0.504901961	0.22	0.26	0.08	752
2334	12	2	12	922.1	9.6	17.4	9.6	45	1.3	0.504901961	0.22	0.26	0.08	752
2334	13	2	13	922.1	9.6	17.4	9.6	45	1.3	0.504901961	0.22	0.26	0.08	752
2334	14	2	14	922.1	9.6	17.4	9.6	45	1.3	0.504901961	0.22	0.26	0.08	752
2334	15	2	15	922.1	9.6	17.4	9.6	45	1.3	0.504901961	0.22	0.26	0.08	752
2334	16	2	16	922.1	9.6	17.4	9.6	45	1.3	0.504901961	0.22	0.26	0.08	752
2334	17	2	17	922.1	9.6	17.4	9.6	45	1.3	0.504901961	0.22	0.26	0.08	752
2334	18	2	18	922.1	9.6	17.4	9.6	45	1.3	0.504901961	0.22	0.26	0.08	752
2334	1	2	1	922.1	9.6	17.4	9.6	45	1.3	0.504901961	0.22	0.26	0.08	752
2334	2	2	2	903	9.6	17.4	9.6	45	1.3	0.504901961	0.22	0.26	0.08	752
2334	3	2	3	903	9.6	17.4	9.6	45	1.3	0.504901961	0.22	0.26	0.08	752
2341	1	2	1	922.1	9.6	17.4	9.6	45	1.3	0.504901961	0.22	0.26	0.08	752
2341	2	2	2	922.1	9.6	17.4	9.6	45	1.3	0.504901961	0.22	0.26	0.08	752
2341	3	2	3	922.1	9.6	17.4	9.6	45	1.3	0.504901961	0.22	0.26	0.08	752
2341	4	2	4	922.1	9.6	17.4	9.6	45	1.3	0.504901961	0.22	0.26	0.08	752
2341	5	2	5	922.1	9.6	17.4	9.6	45	1.3	0.504901961	0.22	0.26	0.08	752
2341	6	2	6	922.1	9.6	17.4	9.6	45	1.3	0.504901961	0.22	0.26	0.08	752
2341	7	2	7	903	9.6	17.4	9.6	45	1.3	0.504901961	0.22	0.26	0.08	752
2341	8	2	8	903	9.6	17.4	9.6	45	1.3	0.504901961	0.22	0.26	0.08	752
2341	9	2	9	903	9.6	17.4	9.6	45	1.3	0.504901961	0.22	0.26	0.08	752
2341	10	2	10	922.1	9.6	17.4	9.6	45	1.3	0.504901961	0.22	0.26	0.08	752
2341	11	2	11	922.1	9.6	17.4	9.6	45	1.3	0.504901961	0.22	0.26	0.08	752
2341	12	2	12	922.1	9.6	17.4	9.6	45	1.3	0.504901961	0.22	0.26	0.08	752
2341	13	2	13	922.1	9.6	17.4	9.6	45	1.3	0.504901961	0.22	0.26	0.08	752
2341	14	2	14	922.1	9.6	17.4	9.6	45	1.3	0.504901961	0.22	0.26	0.08	752
2341	15	2	15	922.1	9.6	17.4	9.6	45	1.3	0.504901961	0.22	0.26	0.08	752
2341	16	2	16	922.1	9.6	17.4	9.6	45	1.3	0.504901961	0.22	0.26	0.08	752
2341	17	2	17	922.1	9.6	17.4	9.6	45	1.3	0.504901961	0.22	0.26	0.08	752
2341	18	2	18	922.1	9.6	17.4	9.6	45	1.3	0.504901961	0.22	0.26	0.08	752
2341	19	2	19	903	9.6	17.4	9.6	45	1.3	0.504901961	0.22	0.26	0.08	752
2341	20	2	20	903	9.6	17.4	9.6	45	1.3	0.504901961	0.22	0.26	0.08	752
2341	21	2	21	903	9.6	17.4	9.6	45	1.3	0.504901961	0.22	0.26	0.08	752
2341	1	2	1	922.1	9.6	17.4	9.6	45	1.3	0.504901961	0.22	0.26	0.08	752
2341	2	2	2	922.1	9.6	17.4	9.6	45	1.3	0.504901961	0.22	0.26	0.08	752
2341	3	2	3	922.1	9.6	17.4	9.6	45	1.3	0.504901961	0.22	0.26	0.08	752
2341	4	2	4	922.1	9.6	17.4	9.6	45	1.3	0.504901961	0.22	0.26	0.08	752
2341	5	2	5	922.1	9.6	17.4	9.6	45	1.3	0.504901961	0.22	0.26	0.08	752
2341	6	2	6	922.1	9.6	17.4	9.6	45	1.3	0.504901961	0.22	0.26	0.08	752
2341	7	2	7	922.1	9.6	17.4	9.6	45	1.3	0.504901961	0.22	0.26	0.08	752
2341	8	2	8	922.1	9.6	17.4	9.6	45	1.3	0.504901961	0.22	0.26	0.08	752
2341	9	2	9	922.1	9.6	17.4	9.6	45	1.3	0.504901961	0.22	0.26	0.08	752
2341	10	2	10	903	9.6	17.4	9.6	45	1.3	0.504901961	0.22	0.26	0.08	752
2341	11	2	11	903	9.6	17.4	9.6	45	1.3	0.504901961	0.22	0.26	0.08	752
2341	12	2	12	903	9.6	17.4	9.6	45	1.3	0.504901961	0.22	0.26	0.08	752
2341	13	2	13	922.1	9.6	17.4	9.6	45	1.3	0.504901961	0.22	0.26	0.08	752
2341	14	2	14	922.1	9.6	17.4	9.6	45	1.3	0.504901961	0.22	0.26	0.08	752
2341	15	2	15	922.1	9.6	17.4	9.6	45	1.3	0.504901961	0.22	0.26	0.08	752
2341	16	2	16	922.1	9.6	17.4	9.6	45	1.3	0.504901961	0.22	0.26	0.08	752
2341	17	2	17	922.1	9.6	17.4	9.6	45	1.3	0.504901961	0.22	0.26	0.08	752
2341	18	2	18	922.1	9.6	17.4	9.6	45	1.3	0.504901961	0.22	0.26	0.08	752
2361	1	3	1	922.1	9.6	17.4	9.6	45	1.3	0.437254902	0.22	0.26	0.08	752
2361	2	3	2	922.1	9.6	17.4	9.6	45	1.3	0.437254902	0.22	0.26	0.08	752
2361	3	3	3	922.1	9.6	17.4	9.6	45	1.3	0.437254902	0.22	0.26	0.08	752
2361	4	3	4	922.1	9.6	17.4	9.6	45	1.3	0.437254902	0.22	0.26	0.08	752
2361	5	3	5	922.1	9.6	17.4	9.6	45	1.3	0.437254902	0.22	0.26	0.08	752
2361	6	3	6	922.1	9.6	17.4	9.6	45	1.3	0.437254902	0.22	0.26	0.08	752
2361	7	3	7	903	9.6	17.4	9.6	45	1.3	0.437254902	0.22	0.26	0.08	752
2361	8	3	8	903	9.6	17.4	9.6	45	1.3	0.437254902	0.22	0.26	0.08	752
2361	9	3	9	903	9.6	17.4	9.6	45	1.3	0.437254902	0.22	0.26	0.08	752
2361	10	3	10	922.1	9.6	17.4	9.6	45	1.3	0.437254902	0.22	0.26	0.08	752
2361	11	3	11	922.1	9.6	17.4	9.6	45	1.3	0.437254902	0.22	0.26	0.08	752
2361	12	3	12	922.1	9.6	17.4	9.6	45	1.3	0.437254902	0.22	0.26	0.08	752
2361	13	3	13	922.1	9.6	17.4	9.6	45	1.3	0.437254902	0.22	0.26	0.08	752
2361	14	3	14	922.1	9.6	17.4	9.6	45	1.3	0.437254902	0.22	0.26	0.08	752
2361	15	3	15	922.1	9.6	17.4	9.6	45	1.3	0.437254902	0.22	0.26	0.08	752
2361	1	3	1	922.1	9.6	17.4	9.6	45	1.3	0.437254902	0.22	0.26	0.08	752
2361	2	3	2	922.1	9.6	17.4	9.6	45	1.3	0.437254902	0.22	0.26	0.08	752
2361	3	3	3	922.1	9.6	17.4	9.6	45	1.3	0.437254902	0.22	0.26	0.08	752
2361	4	3	4	903	9.6	17.4	9.6	45	1.3	0.437254902	0.22	0.26	0.08	752
2361	5	3	5	903	9.6	17.4	9.6	45	1.3	0.437254902	0.22	0.26	0.08	752
2361	6	3	6	903	9.6	17.4	9.6	45	1.3	0.437254902	0.22	0.26	0.08	752
2361	7	3	7	922.1	9.6	17.4	9.6	45	1.3	0.437254902	0.22	0.26	0.08	752
2361	8	3	8	922.1	9.6	17.4	9.6	45	1.3	0.437254902	0.22	0.26	0.08	752
2361	9	3	9	922.1	9.6	17.4	9.6	45	1.3	0.437254902	0.22	0.26	0.08	752
2361	10	3	10	922.1	9.6	17.4	9.6	45	1.3	0.437254902	0.22	0.26	0.08	752
2361	11	3	11	922.1	9.6	17.4	9.6	45	1.3	0.437254902	0.22	0.26	0.08	752
2361	12	3	12	922.1	9.6	17.4	9.6	45	1.3	0.437254902	0.22	0.26	0.08	752
2361	13	3	13	922.1	9.6	17.4	9.6	45	1.3	0.437254902	0.22	0.26	0.08	752
2361	14	3	14	922.1	9.6	17.4	9.6	45	1.3	0.437254902	0.22	0.26	0.08	752
2361	1	3	1	922.1	9.6	17.4	9.6	45	1.3	0.437254902	0.22	0.26	0.08	752
2361	2	3	2	903	9.6	17.4	9.6	45	1.3	0.437254902	0.22	0.26	0.08	752
2361	3	3	3	903	9.6	17.4	9.6	45	1.3	0.437254902	0.22	0.26	0.08	752
2361	4	3	4	903	9.6	17.4	9.6	45	1.3	0.437254902	0.22	0.26	0.08	752
2361	5	3	5	922.1	9.6	17.4	9.6	45	1.3	0.437254902	0.22	0.26	0.08	752
2361	6	3	6	922.1	9.6	17.4	9.6	45	1.3	0.437254902	0.22	0.26	0.08	752
2361	7	3	7	922.1	9.6	17.4	9.6	45	1.3	0.437254902	0.22	0.26	0.08	752
2361	8	3	8	922.1	9.6	17.4	9.6	45	1.3	0.437254902	0.22	0.26	0.08	752
2361	9	3	9	922.1	9.6	17.4	9.6	45	1.3	0.437254902	0.22	0.26	0.08	752
2361	10	3	10	922.1	9.6	17.4	9.6	45	1.3	0.437254902	0.22	0.26	0.08	752
2361	11	3	11	922.1	9.6	17.4	9.6	45	1.3	0.437254902	0.22	0.26	0.08	752
2361	12	3	12	922.1	9.6	17.4	9.6	45	1.3	0.437254902	0.22	0.26	0.08	752
2361	1	3	1	922.1	9.6	17.4	9.6	45	1.3	0.437254902	0.22	0.26	0.08	752
2364	1	3	1	922.1	9.6	17.4	9.6	45	1.3	0.437254902	0.22	0.26	0.08	752
2364	2	3	2	922.1	9.6	17.4	9.6	45	1.3	0.437254902	0.22	0.26	0.08	752
2364	3	3	3	922.1	9.6	17.4	9.6	45	1.3	0.437254902	0.22	0.26	0.08	752
2364	4	3	4	903	9.6	17.4	9.6	45	1.3	0.437254902	0.22	0.26	0.08	752
2364	5	3	5	903	9.6	17.4	9.6	45	1.3	0.437254902	0.22	0.26	0.08	752
2364	6	3	6	903	9.6	17.4	9.6	45	1.3	0.437254902	0.22	0.26	0.08	752
2364	7	3	7	922.1	9.6	17.4	9.6	45	1.3	0.437254902	0.22	0.26	0.08	752
2364	8	3	8	922.1	9.6	17.4	9.6	45	1.3	0.437254902	0.22	0.26	0.08	752
2364	9	3	9	922.1	9.6	17.4	9.6	45	1.3	0.437254902	0.22	0.26	0.08	752
2364	10	3	10	922.1	9.6	17.4	9.6	45	1.3	0.437254902	0.22	0.26	0.08	752
2364	11	3	11	922.1	9.6	17.4	9.6	45	1.3	0.437254902	0.22	0.26	0.08	752
2364	12	3	12	922.1	9.6	17.4	9.6	45	1.3	0.437254902	0.22	0.26	0.08	752
2364	13	3	13	922.1	9.6	17.4	9.6	45	1.3	0.437254902	0.22	0.26	0.08	752
2364	14	3	14	922.1	9.6	17.4	9.6	45	1.3	0.437254902	0.22	0.26	0.08	752
2364	15	3	15	922.1	9.6	17.4	9.6	45	1.3	0.437254902	0.22	0.26	0.08	752
2364	1	3	1	903	9.6	17.4	9.6	45	1.3	0.437254902	0.22	0.26	0.08	752
2364	2	3	2	903	9.6	17.4	9.6	45	1.3	0.437254902	0.22	0.26	0.08	752
2364	3	3	3	903	9.6	17.4	9.6	45	1.3	0.437254902	0.22	0.26	0.08	752
2364	4	3	4	922.1	9.6	17.4	9.6	45	1.3	0.437254902	0.22	0.26	0.08	752
2364	5	3	5	922.1	9.6	17.4	9.6	45	1.3	0.437254902	0.22	0.26	0.08	752
2364	6	3	6	922.1	9.6	17.4	9.6	45	1.3	0.437254902	0.22	0.26	0.08	752
2364	7	3	7	922.1	9.6	17.4	9.6	45	1.3	0.437254902	0.22	0.26	0.08	752
2364	8	3	8	922.1	9.6	17.4	9.6	45	1.3	0.437254902	0.22	0.26	0.08	752
2364	9	3	9	922.1	9.6	17.4	9.6	45	1.3	0.437254902	0.22	0.26	0.08	752
2364	10	3	10	922.1	9.6	17.4	9.6	45	1.3	0.437254902	0.22	0.26	0.08	752
2364	11	3	11	922.1	9.6	17.4	9.6	45	1.3	0.437254902	0.22	0.26	0.08	752
2364	12	3	12	922.1	9.6	17.4	9.6	45	1.3	0.437254902	0.22	0.26	0.08	752
2364	13	3	13	903	9.6	17.4	9.6	45	1.3	0.437254902	0.22	0.26	0.08	752
2364	14	3	14	903	9.6	17.4	9.6	45	1.3	0.437254902	0.22	0.26	0.08	752
2364	1	3	1	903	9.6	17.4	9.6	45	1.3	0.437254902	0.22	0.26	0.08	752
2364	2	3	2	922.1	9.6	17.4	9.6	45	1.3	0.437254902	0.22	0.26	0.08	752
2364	3	3	3	922.1	9.6	17.4	9.6	45	1.3	0.437254902	0.22	0.26	0.08	752
2364	4	3	4	922.1	9.6	17.4	9.6	45	1.3	0.437254902	0.22	0.26	0.08	752
2364	5	3	5	922.1	9.6	17.4	9.6	45	1.3	0.437254902	0.22	0.26	0.08	752
2364	6	3	6	922.1	9.6	17.4	9.6	45	1.3	0.437254902	0.22	0.26	0.08	752
2364	7	3	7	922.1	9.6	17.4	9.6	45	1.3	0.437254902	0.22	0.26	0.08	752
2364	8	3	8	922.1	9.6	17.4	9.6	45	1.3	0.437254902	0.22	0.26	0.08	752
2364	9	3	9	922.1	9.6	17.4	9.6	45	1.3	0.437254902	0.22	0.26	0.08	752
2364	10	3	10	922.1	9.6	17.4	9.6	45	1.3	0.437254902	0.22	0.26	0.08	752
2364	11	3	11	903	9.6	17.4	9.6	45	1.3	0.437254902	0.22	0.26	0.08	752
2364	12	3	12	903	9.6	17.4	9.6	45	1.3	0.437254902	0.22	0.26	0.08	752
2378	1	2	1	922.1	9.6	17.4	9.6	45	1.3	0.504901961	0.22	0.26	0.08	752
2378	2	2	2	922.1	9.6	17.4	9.6	45	1.3	0.504901961	0.22	0.26	0.08	752
2378	3	2	3	922.1	9.6	17.4	9.6	45	1.3	0.504901961	0.22	0.26	0.08	752
2378	4	2	4	922.1	9.6	17.4	9.6	45	1.3	0.504901961	0.22	0.26	0.08	752
2378	5	2	5	903	9.6	17.4	9.6	45	1.3	0.504901961	0.22	0.26	0.08	752
2378	6	2	6	903	9.6	17.4	9.6	45	1.3	0.504901961	0.22	0.26	0.08	752
2378	7	2	7	903	9.6	17.4	9.6	45	1.3	0.504901961	0.22	0.26	0.08	752
2378	8	2	8	922.1	9.6	17.4	9.6	45	1.3	0.504901961	0.22	0.26	0.08	752
2378	9	2	9	922.1	9.6	17.4	9.6	45	1.3	0.504901961	0.22	0.26	0.08	752
2378	10	2	10	922.1	9.6	17.4	9.6	45	1.3	0.504901961	0.22	0.26	0.08	752
2378	11	2	11	922.1	9.6	17.4	9.6	45	1.3	0.504901961	0.22	0.26	0.08	752
2378	12	2	12	922.1	9.6	17.4	9.6	45	1.3	0.504901961	0.22	0.26	0.08	752
2378	13	2	13	922.1	9.6	17.4	9.6	45	1.3	0.504901961	0.22	0.26	0.08	752
2378	14	2	14	922.1	9.6	17.4	9.6	45	1.3	0.504901961	0.22	0.26	0.08	752
2378	15	2	15	922.1	9.6	17.4	9.6	45	1.3	0.504901961	0.22	0.26	0.08	752
2378	16	2	16	922.1	9.6	17.4	9.6	45	1.3	0.504901961	0.22	0.26	0.08	752
2378	17	2	17	903	9.6	17.4	9.6	45	1.3	0.504901961	0.22	0.26	0.08	752
2378	18	2	18	903	9.6	17.4	9.6	45	1.3	0.504901961	0.22	0.26	0.08	752
2378	19	2	19	903	9.6	17.4	9.6	45	1.3	0.504901961	0.22	0.26	0.08	752
2378	20	2	20	922.1	9.6	17.4	9.6	45	1.3	0.504901961	0.22	0.26	0.08	752
2378	1	2	1	922.1	9.6	17.4	9.6	45	1.3	0.504901961	0.22	0.26	0.08	752
2378	2	2	2	922.1	9.6	17.4	9.6	45	1.3	0.504901961	0.22	0.26	0.08	752
2378	3	2	3	922.1	9.6	17.4	9.6	45	1.3	0.504901961	0.22	0.26	0.08	752
2378	4	2	4	922.1	9.6	17.4	9.6	45	1.3	0.504901961	0.22	0.26	0.08	752
2378	5	2	5	922.1	9.6	17.4	9.6	45	1.3	0.504901961	0.22	0.26	0.08	752
2378	6	2	6	922.1	9.6	17.4	9.6	45	1.3	0.504901961	0.22	0.26	0.08	752
2378	7	2	7	922.1	9.6	17.4	9.6	45	1.3	0.504901961	0.22	0.26	0.08	752
2378	8	2	8	922.1	9.6	17.4	9.6	45	1.3	0.504901961	0.22	0.26	0.08	752
2378	9	2	9	903	9.6	17.4	9.6	45	1.3	0.504901961	0.22	0.26	0.08	752
2378	10	2	10	903	9.6	17.4	9.6	45	1.3	0.504901961	0.22	0.26	0.08	752
2378	11	2	11	903	9.6	17.4	9.6	45	1.3	0.504901961	0.22	0.26	0.08	752
2378	12	2	12	922.1	9.6	17.4	9.6	45	1.3	0.504901961	0.22	0.26	0.08	752
2378	13	2	13	922.1	9.6	17.4	9.6	45	1.3	0.504901961	0.22	0.26	0.08	752
2378	14	2	14	922.1	9.6	17.4	9.6	45	1.3	0.504901961	0.22	0.26	0.08	752
2378	15	2	15	922.1	9.6	17.4	9.6	45	1.3	0.504901961	0.22	0.26	0.08	752
2378	16	2	16	922.1	9.6	17.4	9.6	45	1.3	0.504901961	0.22	0.26	0.08	752
2378	17	2	17	922.1	9.6	17.4	9.6	45	1.3	0.504901961	0.22	0.26	0.08	752
2378	1	2	1	922.1	9.6	17.4	9.6	45	1.3	0.504901961	0.22	0.26	0.08	752
2378	2	2	2	922.1	9.6	17.4	9.6	45	1.3	0.504901961	0.22	0.26	0.08	752
2378	3	2	3	922.1	9.6	17.4	9.6	45	1.3	0.504901961	0.22	0.26	0.08	752
2378	4	2	4	903	9.6	17.4	9.6	45	1.3	0.504901961	0.22	0.26	0.08	752
2378	5	2	5	903	9.6	17.4	9.6	45	1.3	0.504901961	0.22	0.26	0.08	752
2379	1	3	1	922.1	9.6	17.4	9.6	45	1.3	0.437254902	0.22	0.26	0.08	752
2379	2	3	2	922.1	9.6	17.4	9.6	45	1.3	0.437254902	0.22	0.26	0.08	752
2379	3	3	3	922.1	9.6	17.4	9.6	45	1.3	0.437254902	0.22	0.26	0.08	752
2379	4	3	4	922.1	9.6	17.4	9.6	45	1.3	0.437254902	0.22	0.26	0.08	752
2379	5	3	5	922.1	9.6	17.4	9.6	45	1.3	0.437254902	0.22	0.26	0.08	752
2379	6	3	6	922.1	9.6	17.4	9.6	45	1.3	0.437254902	0.22	0.26	0.08	752
2379	7	3	7	922.1	9.6	17.4	9.6	45	1.3	0.437254902	0.22	0.26	0.08	752
2379	8	3	8	922.1	9.6	17.4	9.6	45	1.3	0.437254902	0.22	0.26	0.08	752
2379	9	3	9	903	9.6	17.4	9.6	45	1.3	0.437254902	0.22	0.26	0.08	752
2379	10	3	10	903	9.6	17.4	9.6	45	1.3	0.437254902	0.22	0.26	0.08	752
2379	11	3	11	903	9.6	17.4	9.6	45	1.3	0.437254902	0.22	0.26	0.08	752
2379	12	3	12	922.1	9.6	17.4	9.6	45	1.3	0.437254902	0.22	0.26	0.08	752
2379	13	3	13	922.1	9.6	17.4	9.6	45	1.3	0.437254902	0.22	0.26	0.08	752
2379	14	3	14	922.1	9.6	17.4	9.6	45	1.3	0.437254902	0.22	0.26	0.08	752
2379	1	3	1	922.1	9.6	17.4	9.6	45	1.3	0.437254902	0.22	0.26	0.08	752
2379	2	3	2	922.1	9.6	17.4	9.6	45	1.3	0.437254902	0.22	0.26	0.08	752
2379	3	3	3	922.1	9.6	17.4	9.6	45	1.3	0.437254902	0.22	0.26	0.08	752
2379	4	3	4	922.1	9.6	17.4	9.6	45	1.3	0.437254902	0.22	0.26	0.08	752
2379	5	3	5	922.1	9.6	17.4	9.6	45	1.3	0.437254902	0.22	0.26	0.08	752
2379	6	3	6	922.1	9.6	17.4	9.6	45	1.3	0.437254902	0.22	0.26	0.08	752
2379	7	3	7	903	9.6	17.4	9.6	45	1.3	0.437254902	0.22	0.26	0.08	752
2379	8	3	8	903	9.6	17.4	9.6	45	1.3	0.437254902	0.22	0.26	0.08	752
2379	9	3	9	903	9.6	17.4	9.6	45	1.3	0.437254902	0.22	0.26	0.08	752
2379	10	3	10	922.1	9.6	17.4	9.6	45	1.3	0.437254902	0.22	0.26	0.08	752
2379	11	3	11	922.1	9.6	17.4	9.6	45	1.3	0.437254902	0.22	0.26	0.08	752
2379	12	3	12	922.1	9.6	17.4	9.6	45	1.3	0.437254902	0.22	0.26	0.08	752
2379	13	3	13	922.1	9.6	17.4	9.6	45	1.3	0.437254902	0.22	0.26	0.08	752
2379	14	3	14	922.1	9.6	17.4	9.6	45	1.3	0.437254902	0.22	0.26	0.08	752
2379	1	3	1	922.1	9.6	17.4	9.6	45	1.3	0.437254902	0.22	0.26	0.08	752
2379	2	3	2	922.1	9.6	17.4	9.6	45	1.3	0.437254902	0.22	0.26	0.08	752
2379	3	3	3	922.1	9.6	17.4	9.6	45	1.3	0.437254902	0.22	0.26	0.08	752
2379	4	3	4	922.1	9.6	17.4	9.6	45	1.3	0.437254902	0.22	0.26	0.08	752
2379	5	3	5	903	9.6	17.4	9.6	45	1.3	0.437254902	0.22	0.26	0.08	752
2379	6	3	6	903	9.6	17.4	9.6	45	1.3	0.437254902	0.22	0.26	0.08	752
2379	7	3	7	903	9.6	17.4	9.6	45	1.3	0.437254902	0.22	0.26	0.08	752
2379	8	3	8	922.1	9.6	17.4	9.6	45	1.3	0.437254902	0.22	0.26	0.08	752
2379	9	3	9	922.1	9.6	17.4	9.6	45	1.3	0.437254902	0.22	0.26	0.08	752
2379	10	3	10	922.1	9.6	17.4	9.6	45	1.3	0.437254902	0.22	0.26	0.08	752
2379	11	3	11	922.1	9.6	17.4	9.6	45	1.3	0.437254902	0.22	0.26	0.08	752
2379	12	3	12	922.1	9.6	17.4	9.6	45	1.3	0.437254902	0.22	0.26	0.08	752
2379	13	3	13	922.1	9.6	17.4	9.6	45	1.3	0.437254902	0.22	0.26	0.08	752
2379	14	3	14	922.1	9.6	17.4	9.6	45	1.3	0.437254902	0.22	0.26	0.08	752
2379	15	3	15	922.1	9.6	17.4	9.6	45	1.3	0.437254902	0.22	0.26	0.08	752
2379	16	3	16	922.1	9.6	17.4	9.6	45	1.3	0.437254902	0.22	0.26	0.08	752
2379	17	3	17	903	9.6	17.4	9.6	45	1.3	0.437254902	0.22	0.26	0.08	752
2379	1	3	1	903	9.6	17.4	9.6	45	1.3	0.437254902	0.22	0.26	0.08	752
2401	1	2	1	922.1	9.6	17.4	9.6	45	1.3	0.504901961	0.22	0.26	0.08	752
2401	2	2	2	922.1	9.6	17.4	9.6	45	1.3	0.504901961	0.22	0.26	0.08	752
2401	3	2	3	903	9.6	17.4	9.6	45	1.3	0.504901961	0.22	0.26	0.08	752
2401	4	2	4	903	9.6	17.4	9.6	45	1.3	0.504901961	0.22	0.26	0.08	752
2401	5	2	5	903	9.6	17.4	9.6	45	1.3	0.504901961	0.22	0.26	0.08	752
2401	6	2	6	922.1	9.6	17.4	9.6	45	1.3	0.504901961	0.22	0.26	0.08	752
2401	7	2	7	922.1	9.6	17.4	9.6	45	1.3	0.504901961	0.22	0.26	0.08	752
2401	8	2	8	922.1	9.6	17.4	9.6	45	1.3	0.504901961	0.22	0.26	0.08	752
2401	9	2	9	922.1	9.6	17.4	9.6	45	1.3	0.504901961	0.22	0.26	0.08	752
2401	10	2	10	922.1	9.6	17.4	9.6	45	1.3	0.504901961	0.22	0.26	0.08	752
2401	1	2	1	922.1	9.6	17.4	9.6	45	1.3	0.504901961	0.22	0.26	0.08	752
2401	2	2	2	922.1	9.6	17.4	9.6	45	1.3	0.504901961	0.22	0.26	0.08	752
2401	3	2	3	922.1	9.6	17.4	9.6	45	1.3	0.504901961	0.22	0.26	0.08	752
2401	4	2	4	922.1	9.6	17.4	9.6	45	1.3	0.504901961	0.22	0.26	0.08	752
2401	5	2	5	903	9.6	17.4	9.6	45	1.3	0.504901961	0.22	0.26	0.08	752
2401	6	2	6	903	9.6	17.4	9.6	45	1.3	0.504901961	0.22	0.26	0.08	752
2401	7	2	7	903	9.6	17.4	9.6	45	1.3	0.504901961	0.22	0.26	0.08	752
2401	8	2	8	922.1	9.6	17.4	9.6	45	1.3	0.504901961	0.22	0.26	0.08	752
2401	9	2	9	922.1	9.6	17.4	9.6	45	1.3	0.504901961	0.22	0.26	0.08	752
2401	10	2	10	922.1	9.6	17.4	9.6	45	1.3	0.504901961	0.22	0.26	0.08	752
2401	11	2	11	922.1	9.6	17.4	9.6	45	1.3	0.504901961	0.22	0.26	0.08	752
2401	1	2	1	922.1	9.6	17.4	9.6	45	1.3	0.504901961	0.22	0.26	0.08	752
2401	2	2	2	922.1	9.6	17.4	9.6	45	1.3	0.504901961	0.22	0.26	0.08	752
2401	3	2	3	922.1	9.6	17.4	9.6	45	1.3	0.504901961	0.22	0.26	0.08	752
2401	4	2	4	922.1	9.6	17.4	9.6	45	1.3	0.504901961	0.22	0.26	0.08	752
2401	5	2	5	922.1	9.6	17.4	9.6	45	1.3	0.504901961	0.22	0.26	0.08	752
2401	6	2	6	903	9.6	17.4	9.6	45	1.3	0.504901961	0.22	0.26	0.08	752
2401	7	2	7	903	9.6	17.4	9.6	45	1.3	0.504901961	0.22	0.26	0.08	752
2401	8	2	8	903	9.6	17.4	9.6	45	1.3	0.504901961	0.22	0.26	0.08	752
2401	9	2	9	922.1	9.6	17.4	9.6	45	1.3	0.504901961	0.22	0.26	0.08	752
2401	10	2	10	922.1	9.6	17.4	9.6	45	1.3	0.504901961	0.22	0.26	0.08	752
2401	11	2	11	922.1	9.6	17.4	9.6	45	1.3	0.504901961	0.22	0.26	0.08	752
2401	12	2	12	922.1	9.6	17.4	9.6	45	1.3	0.504901961	0.22	0.26	0.08	752
2401	13	2	13	922.1	9.6	17.4	9.6	45	1.3	0.504901961	0.22	0.26	0.08	752
2401	14	2	14	922.1	9.6	17.4	9.6	45	1.3	0.504901961	0.22	0.26	0.08	752
2401	15	2	15	922.1	9.6	17.4	9.6	45	1.3	0.504901961	0.22	0.26	0.08	752
2401	16	2	16	922.1	9.6	17.4	9.6	45	1.3	0.504901961	0.22	0.26	0.08	752
2401	1	2	1	922.1	9.6	17.4	9.6	45	1.3	0.504901961	0.22	0.26	0.08	752
2401	2	2	2	903	9.6	17.4	9.6	45	1.3	0.504901961	0.22	0.26	0.08	752
2401	3	2	3	903	9.6	17.4	9.6	45	1.3	0.504901961	0.22	0.26	0.08	752
2402	1	2	1	922.1	9.6	17.4	9.6	45	1.3	0.504901961	0.22	0.26	0.08	752
2402	2	2	2	922.1	9.6	17.4	9.6	45	1.3	0.504901961	0.22	0.26	0.08	752
2402	3	2	3	922.1	9.6	17.4	9.6	45	1.3	0.504901961	0.22	0.26	0.08	752
2402	4	2	4	922.1	9.6	17.4	9.6	45	1.3	0.504901961	0.22	0.26	0.08	752
2402	5	2	5	922.1	9.6	17.4	9.6	45	1.3	0.504901961	0.22	0.26	0.08	752
2402	6	2	6	903	9.6	17.4	9.6	45	1.3	0.504901961	0.22	0.26	0.08	752
2402	7	2	7	903	9.6	17.4	9.6	45	1.3	0.504901961	0.22	0.26	0.08	752
2402	8	2	8	903	9.6	17.4	9.6	45	1.3	0.504901961	0.22	0.26	0.08	752
2402	9	2	9	922.1	9.6	17.4	9.6	45	1.3	0.504901961	0.22	0.26	0.08	752
2402	10	2	10	922.1	9.6	17.4	9.6	45	1.3	0.504901961	0.22	0.26	0.08	752
2402	11	2	11	922.1	9.6	17.4	9.6	45	1.3	0.504901961	0.22	0.26	0.08	752
2402	12	2	12	922.1	9.6	17.4	9.6	45	1.3	0.504901961	0.22	0.26	0.08	752
2402	13	2	13	922.1	9.6	17.4	9.6	45	1.3	0.504901961	0.22	0.26	0.08	752
2402	14	2	14	922.1	9.6	17.4	9.6	45	1.3	0.504901961	0.22	0.26	0.08	752
2402	1	2	1	922.1	9.6	17.4	9.6	45	1.3	0.504901961	0.22	0.26	0.08	752
2402	2	2	2	922.1	9.6	17.4	9.6	45	1.3	0.504901961	0.22	0.26	0.08	752
2402	3	2	3	922.1	9.6	17.4	9.6	45	1.3	0.504901961	0.22	0.26	0.08	752
2402	4	2	4	903	9.6	17.4	9.6	45	1.3	0.504901961	0.22	0.26	0.08	752
2402	5	2	5	903	9.6	17.4	9.6	45	1.3	0.504901961	0.22	0.26	0.08	752
2402	6	2	6	903	9.6	17.4	9.6	45	1.3	0.504901961	0.22	0.26	0.08	752
2402	7	2	7	922.1	9.6	17.4	9.6	45	1.3	0.504901961	0.22	0.26	0.08	752
2402	8	2	8	922.1	9.6	17.4	9.6	45	1.3	0.504901961	0.22	0.26	0.08	752
2402	9	2	9	922.1	9.6	17.4	9.6	45	1.3	0.504901961	0.22	0.26	0.08	752
2402	10	2	10	922.1	9.6	17.4	9.6	45	1.3	0.504901961	0.22	0.26	0.08	752
2402	11	2	11	922.1	9.6	17.4	9.6	45	1.3	0.504901961	0.22	0.26	0.08	752
2402	12	2	12	922.1	9.6	17.4	9.6	45	1.3	0.504901961	0.22	0.26	0.08	752
2402	13	2	13	922.1	9.6	17.4	9.6	45	1.3	0.504901961	0.22	0.26	0.08	752
2402	14	2	14	922.1	9.6	17.4	9.6	45	1.3	0.504901961	0.22	0.26	0.08	752
2402	15	2	15	922.1	9.6	17.4	9.6	45	1.3	0.504901961	0.22	0.26	0.08	752
2402	1	2	1	903	9.6	17.4	9.6	45	1.3	0.504901961	0.22	0.26	0.08	752
2402	2	2	2	903	9.6	17.4	9.6	45	1.3	0.504901961	0.22	0.26	0.08	752
2402	3	2	3	903	9.6	17.4	9.6	45	1.3	0.504901961	0.22	0.26	0.08	752
2402	4	2	4	922.1	9.6	17.4	9.6	45	1.3	0.504901961	0.22	0.26	0.08	752
2402	5	2	5	922.1	9.6	17.4	9.6	45	1.3	0.504901961	0.22	0.26	0.08	752
2402	6	2	6	922.1	9.6	17.4	9.6	45	1.3	0.504901961	0.22	0.26	0.08	752
2402	7	2	7	922.1	9.6	17.4	9.6	45	1.3	0.504901961	0.22	0.26	0.08	752
2402	8	2	8	922.1	9.6	17.4	9.6	45	1.3	0.504901961	0.22	0.26	0.08	752
2402	9	2	9	922.1	9.6	17.4	9.6	45	1.3	0.504901961	0.22	0.26	0.08	752
2402	10	2	10	922.1	9.6	17.4	9.6	45	1.3	0.504901961	0.22	0.26	0.08	752
2402	11	2	11	922.1	9.6	17.4	9.6	45	1.3	0.504901961	0.22	0.26	0.08	752
2402	12	2	12	922.1	9.6	17.4	9.6	45	1.3	0.504901961	0.22	0.26	0.08	752
2402	13	2	13	903	9.6	17.4	9.6	45	1.3	0.504901961	0.22	0.26	0.08	752
2402	14	2	14	903	9.6	17.4	9.6	45	1.3	0.504901961	0.22	0.26	0.08	752
2409	1	1	1	922.1	9.6	17.4	9.6	45	1.3	0.505882353	0.22	0.26	0.08	752
2409	2	1	2	922.1	9.6	17.4	9.6	45	1.3	0.505882353	0.22	0.26	0.08	752
2409	3	1	3	903	9.6	17.4	9.6	45	1.3	0.505882353	0.22	0.26	0.08	752
2409	4	1	4	903	9.6	17.4	9.6	45	1.3	0.505882353	0.22	0.26	0.08	752
2409	5	1	5	903	9.6	17.4	9.6	45	1.3	0.505882353	0.22	0.26	0.08	752
2409	6	1	6	922.1	9.6	17.4	9.6	45	1.3	0.505882353	0.22	0.26	0.08	752
2409	7	1	7	922.1	9.6	17.4	9.6	45	1.3	0.505882353	0.22	0.26	0.08	752
2409	8	1	8	922.1	9.6	17.4	9.6	45	1.3	0.505882353	0.22	0.26	0.08	752
2409	9	1	9	922.1	9.6	17.4	9.6	45	1.3	0.505882353	0.22	0.26	0.08	752
2409	10	1	10	922.1	9.6	17.4	9.6	45	1.3	0.505882353	0.22	0.26	0.08	752
2409	11	1	11	922.1	9.6	17.4	9.6	45	1.3	0.505882353	0.22	0.26	0.08	752
2409	12	1	12	922.1	9.6	17.4	9.6	45	1.3	0.505882353	0.22	0.26	0.08	752
2409	13	1	13	922.1	9.6	17.4	9.6	45	1.3	0.505882353	0.22	0.26	0.08	752
2409	14	1	14	922.1	9.6	17.4	9.6	45	1.3	0.505882353	0.22	0.26	0.08	752
2409	15	1	15	903	9.6	17.4	9.6	45	1.3	0.505882353	0.22	0.26	0.08	752
2409	16	1	16	903	9.6	17.4	9.6	45	1.3	0.505882353	0.22	0.26	0.08	752
2409	17	1	17	903	9.6	17.4	9.6	45	1.3	0.505882353	0.22	0.26	0.08	752
2409	18	1	18	922.1	9.6	17.4	9.6	45	1.3	0.505882353	0.22	0.26	0.08	752
2409	19	1	19	922.1	9.6	17.4	9.6	45	1.3	0.505882353	0.22	0.26	0.08	752
2409	20	1	20	922.1	9.6	17.4	9.6	45	1.3	0.505882353	0.22	0.26	0.08	752
2409	1	1	1	922.1	9.6	17.4	9.6	45	1.3	0.505882353	0.22	0.26	0.08	752
2409	2	1	2	922.1	9.6	17.4	9.6	45	1.3	0.505882353	0.22	0.26	0.08	752
2409	3	1	3	922.1	9.6	17.4	9.6	45	1.3	0.505882353	0.22	0.26	0.08	752
2409	4	1	4	922.1	9.6	17.4	9.6	45	1.3	0.505882353	0.22	0.26	0.08	752
2409	5	1	5	922.1	9.6	17.4	9.6	45	1.3	0.505882353	0.22	0.26	0.08	752
2409	6	1	6	922.1	9.6	17.4	9.6	45	1.3	0.505882353	0.22	0.26	0.08	752
2409	7	1	7	903	9.6	17.4	9.6	45	1.3	0.505882353	0.22	0.26	0.08	752
2409	8	1	8	903	9.6	17.4	9.6	45	1.3	0.505882353	0.22	0.26	0.08	752
2409	9	1	9	903	9.6	17.4	9.6	45	1.3	0.505882353	0.22	0.26	0.08	752
2409	10	1	10	922.1	9.6	17.4	9.6	45	1.3	0.505882353	0.22	0.26	0.08	752
2409	11	1	11	922.1	9.6	17.4	9.6	45	1.3	0.505882353	0.22	0.26	0.08	752
2409	12	1	12	922.1	9.6	17.4	9.6	45	1.3	0.505882353	0.22	0.26	0.08	752
2409	13	1	13	922.1	9.6	17.4	9.6	45	1.3	0.505882353	0.22	0.26	0.08	752
2409	14	1	14	922.1	9.6	17.4	9.6	45	1.3	0.505882353	0.22	0.26	0.08	752
2409	15	1	15	922.1	9.6	17.4	9.6	45	1.3	0.505882353	0.22	0.26	0.08	752
2409	1	1	1	922.1	9.6	17.4	9.6	45	1.3	0.505882353	0.22	0.26	0.08	752
2409	2	1	2	922.1	9.6	17.4	9.6	45	1.3	0.505882353	0.22	0.26	0.08	752
2409	3	1	3	922.1	9.6	17.4	9.6	45	1.3	0.505882353	0.22	0.26	0.08	752
2409	4	1	4	903	9.6	17.4	9.6	45	1.3	0.505882353	0.22	0.26	0.08	752
2409	5	1	5	903	9.6	17.4	9.6	45	1.3	0.505882353	0.22	0.26	0.08	752
2410	1	3	1	922.1	9.6	17.4	9.6	45	1.3	0.437254902	0.22	0.26	0.08	752
2410	2	3	2	922.1	9.6	17.4	9.6	45	1.3	0.437254902	0.22	0.26	0.08	752
2410	3	3	3	922.1	9.6	17.4	9.6	45	1.3	0.437254902	0.22	0.26	0.08	752
2410	4	3	4	922.1	9.6	17.4	9.6	45	1.3	0.437254902	0.22	0.26	0.08	752
2410	5	3	5	922.1	9.6	17.4	9.6	45	1.3	0.437254902	0.22	0.26	0.08	752
2410	6	3	6	922.1	9.6	17.4	9.6	45	1.3	0.437254902	0.22	0.26	0.08	752
2410	7	3	7	903	9.6	17.4	9.6	45	1.3	0.437254902	0.22	0.26	0.08	752
2410	8	3	8	903	9.6	17.4	9.6	45	1.3	0.437254902	0.22	0.26	0.08	752
2410	9	3	9	903	9.6	17.4	9.6	45	1.3	0.437254902	0.22	0.26	0.08	752
2410	10	3	10	922.1	9.6	17.4	9.6	45	1.3	0.437254902	0.22	0.26	0.08	752
2410	11	3	11	922.1	9.6	17.4	9.6	45	1.3	0.437254902	0.22	0.26	0.08	752
2410	12	3	12	922.1	9.6	17.4	9.6	45	1.3	0.437254902	0.22	0.26	0.08	752
2410	13	3	13	922.1	9.6	17.4	9.6	45	1.3	0.437254902	0.22	0.26	0.08	752
2410	14	3	14	922.1	9.6	17.4	9.6	45	1.3	0.437254902	0.22	0.26	0.08	752
2410	15	3	15	922.1	9.6	17.4	9.6	45	1.3	0.437254902	0.22	0.26	0.08	752
2410	1	3	1	922.1	9.6	17.4	9.6	45	1.3	0.437254902	0.22	0.26	0.08	752
2410	2	3	2	922.1	9.6	17.4	9.6	45	1.3	0.437254902	0.22	0.26	0.08	752
2410	3	3	3	922.1	9.6	17.4	9.6	45	1.3	0.437254902	0.22	0.26	0.08	752
2410	4	3	4	903	9.6	17.4	9.6	45	1.3	0.437254902	0.22	0.26	0.08	752
2410	5	3	5	903	9.6	17.4	9.6	45	1.3	0.437254902	0.22	0.26	0.08	752
2410	6	3	6	903	9.6	17.4	9.6	45	1.3	0.437254902	0.22	0.26	0.08	752
2410	7	3	7	922.1	9.6	17.4	9.6	45	1.3	0.437254902	0.22	0.26	0.08	752
2410	8	3	8	922.1	9.6	17.4	9.6	45	1.3	0.437254902	0.22	0.26	0.08	752
2410	9	3	9	922.1	9.6	17.4	9.6	45	1.3	0.437254902	0.22	0.26	0.08	752
2410	10	3	10	922.1	9.6	17.4	9.6	45	1.3	0.437254902	0.22	0.26	0.08	752
2410	11	3	11	922.1	9.6	17.4	9.6	45	1.3	0.437254902	0.22	0.26	0.08	752
2410	12	3	12	922.1	9.6	17.4	9.6	45	1.3	0.437254902	0.22	0.26	0.08	752
2410	1	3	1	922.1	9.6	17.4	9.6	45	1.3	0.437254902	0.22	0.26	0.08	752
2410	2	3	2	922.1	9.6	17.4	9.6	45	1.3	0.437254902	0.22	0.26	0.08	752
2410	3	3	3	922.1	9.6	17.4	9.6	45	1.3	0.437254902	0.22	0.26	0.08	752
2410	4	3	4	903	9.6	17.4	9.6	45	1.3	0.437254902	0.22	0.26	0.08	752
2410	5	3	5	903	9.6	17.4	9.6	45	1.3	0.437254902	0.22	0.26	0.08	752
2410	6	3	6	903	9.6	17.4	9.6	45	1.3	0.437254902	0.22	0.26	0.08	752
2410	7	3	7	922.1	9.6	17.4	9.6	45	1.3	0.437254902	0.22	0.26	0.08	752
2410	8	3	8	922.1	9.6	17.4	9.6	45	1.3	0.437254902	0.22	0.26	0.08	752
2410	9	3	9	922.1	9.6	17.4	9.6	45	1.3	0.437254902	0.22	0.26	0.08	752
2410	10	3	10	922.1	9.6	17.4	9.6	45	1.3	0.437254902	0.22	0.26	0.08	752
2410	11	3	11	922.1	9.6	17.4	9.6	45	1.3	0.437254902	0.22	0.26	0.08	752
2410	12	3	12	922.1	9.6	17.4	9.6	45	1.3	0.437254902	0.22	0.26	0.08	752
2410	13	3	13	922.1	9.6	17.4	9.6	45	1.3	0.437254902	0.22	0.26	0.08	752
2410	14	3	14	922.1	9.6	17.4	9.6	45	1.3	0.437254902	0.22	0.26	0.08	752
2410	1	3	1	922.1	9.6	17.4	9.6	45	1.3	0.437254902	0.22	0.26	0.08	752
2411	1	1	1	922.1	9.6	17.4	9.6	45	1.3	0.505882353	0.22	0.26	0.08	752
2411	2	1	2	922.1	9.6	17.4	9.6	45	1.3	0.505882353	0.22	0.26	0.08	752
2411	3	1	3	922.1	9.6	17.4	9.6	45	1.3	0.505882353	0.22	0.26	0.08	752
2411	4	1	4	922.1	9.6	17.4	9.6	45	1.3	0.505882353	0.22	0.26	0.08	752
2411	5	1	5	903	9.6	17.4	9.6	45	1.3	0.505882353	0.22	0.26	0.08	752
2411	1	1	1	903	9.6	17.4	9.6	45	1.3	0.505882353	0.22	0.26	0.08	752
2411	2	1	2	903	9.6	17.4	9.6	45	1.3	0.505882353	0.22	0.26	0.08	752
2411	3	1	3	922.1	9.6	17.4	9.6	45	1.3	0.505882353	0.22	0.26	0.08	752
2411	4	1	4	922.1	9.6	17.4	9.6	45	1.3	0.505882353	0.22	0.26	0.08	752
2411	5	1	5	922.1	9.6	17.4	9.6	45	1.3	0.505882353	0.22	0.26	0.08	752
2411	6	1	6	922.1	9.6	17.4	9.6	45	1.3	0.505882353	0.22	0.26	0.08	752
2411	7	1	7	922.1	9.6	17.4	9.6	45	1.3	0.505882353	0.22	0.26	0.08	752
2411	8	1	8	922.1	9.6	17.4	9.6	45	1.3	0.505882353	0.22	0.26	0.08	752
2411	9	1	9	922.1	9.6	17.4	9.6	45	1.3	0.505882353	0.22	0.26	0.08	752
2411	10	1	10	922.1	9.6	17.4	9.6	45	1.3	0.505882353	0.22	0.26	0.08	752
2411	11	1	11	922.1	9.6	17.4	9.6	45	1.3	0.505882353	0.22	0.26	0.08	752
2411	12	1	12	903	9.6	17.4	9.6	45	1.3	0.505882353	0.22	0.26	0.08	752
2411	1	1	1	903	9.6	17.4	9.6	45	1.3	0.505882353	0.22	0.26	0.08	752
2411	2	1	2	903	9.6	17.4	9.6	45	1.3	0.505882353	0.22	0.26	0.08	752
2411	3	1	3	922.1	9.6	17.4	9.6	45	1.3	0.505882353	0.22	0.26	0.08	752
2411	4	1	4	922.1	9.6	17.4	9.6	45	1.3	0.505882353	0.22	0.26	0.08	752
2411	5	1	5	922.1	9.6	17.4	9.6	45	1.3	0.505882353	0.22	0.26	0.08	752
2411	6	1	6	922.1	9.6	17.4	9.6	45	1.3	0.505882353	0.22	0.26	0.08	752
2411	7	1	7	922.1	9.6	17.4	9.6	45	1.3	0.505882353	0.22	0.26	0.08	752
2411	8	1	8	922.1	9.6	17.4	9.6	45	1.3	0.505882353	0.22	0.26	0.08	752
2411	9	1	9	922.1	9.6	17.4	9.6	45	1.3	0.505882353	0.22	0.26	0.08	752
2411	10	1	10	922.1	9.6	17.4	9.6	45	1.3	0.505882353	0.22	0.26	0.08	752
2411	11	1	11	922.1	9.6	17.4	9.6	45	1.3	0.505882353	0.22	0.26	0.08	752
2411	12	1	12	903	9.6	17.4	9.6	45	1.3	0.505882353	0.22	0.26	0.08	752
2411	13	1	13	903	9.6	17.4	9.6	45	1.3	0.505882353	0.22	0.26	0.08	752
2411	14	1	14	903	9.6	17.4	9.6	45	1.3	0.505882353	0.22	0.26	0.08	752
2411	15	1	15	922.1	9.6	17.4	9.6	45	1.3	0.505882353	0.22	0.26	0.08	752
2411	16	1	16	922.1	9.6	17.4	9.6	45	1.3	0.505882353	0.22	0.26	0.08	752
2411	17	1	17	922.1	9.6	17.4	9.6	45	1.3	0.505882353	0.22	0.26	0.08	752
2411	18	1	18	922.1	9.6	17.4	9.6	45	1.3	0.505882353	0.22	0.26	0.08	752
2411	19	1	19	922.1	9.6	17.4	9.6	45	1.3	0.505882353	0.22	0.26	0.08	752
2411	20	1	20	922.1	9.6	17.4	9.6	45	1.3	0.505882353	0.22	0.26	0.08	752
2411	21	1	21	922.1	9.6	17.4	9.6	45	1.3	0.505882353	0.22	0.26	0.08	752
2411	22	1	22	922.1	9.6	17.4	9.6	45	1.3	0.505882353	0.22	0.26	0.08	752
2411	1	1	1	922.1	9.6	17.4	9.6	45	1.3	0.505882353	0.22	0.26	0.08	752
2411	2	1	2	903	9.6	17.4	9.6	45	1.3	0.505882353	0.22	0.26	0.08	752
2411	3	1	3	903	9.6	17.4	9.6	45	1.3	0.505882353	0.22	0.26	0.08	752
2444	1	2	1	903	9.6	17.4	9.6	45	1.3	0.504901961	0.22	0.26	0.08	752
2444	2	2	2	903	9.6	17.4	9.6	45	1.3	0.504901961	0.22	0.26	0.08	752
2444	3	2	3	903	9.6	17.4	9.6	45	1.3	0.504901961	0.22	0.26	0.08	752
2444	4	2	4	922.1	9.6	17.4	9.6	45	1.3	0.504901961	0.22	0.26	0.08	752
2444	5	2	5	922.1	9.6	17.4	9.6	45	1.3	0.504901961	0.22	0.26	0.08	752
2444	6	2	6	922.1	9.6	17.4	9.6	45	1.3	0.504901961	0.22	0.26	0.08	752
2444	7	2	7	922.1	9.6	17.4	9.6	45	1.3	0.504901961	0.22	0.26	0.08	752
2444	8	2	8	922.1	9.6	17.4	9.6	45	1.3	0.504901961	0.22	0.26	0.08	752
2444	9	2	9	922.1	9.6	17.4	9.6	45	1.3	0.504901961	0.22	0.26	0.08	752
2444	10	2	10	922.1	9.6	17.4	9.6	45	1.3	0.504901961	0.22	0.26	0.08	752
2444	11	2	11	922.1	9.6	17.4	9.6	45	1.3	0.504901961	0.22	0.26	0.08	752
2444	12	2	12	922.1	9.6	17.4	9.6	45	1.3	0.504901961	0.22	0.26	0.08	752
2444	13	2	13	903	9.6	17.4	9.6	45	1.3	0.504901961	0.22	0.26	0.08	752
2444	14	2	14	903	9.6	17.4	9.6	45	1.3	0.504901961	0.22	0.26	0.08	752
2444	15	2	15	903	9.6	17.4	9.6	45	1.3	0.504901961	0.22	0.26	0.08	752
2444	16	2	16	922.1	9.6	17.4	9.6	45	1.3	0.504901961	0.22	0.26	0.08	752
2444	17	2	17	922.1	9.6	17.4	9.6	45	1.3	0.504901961	0.22	0.26	0.08	752
2444	18	2	18	922.1	9.6	17.4	9.6	45	1.3	0.504901961	0.22	0.26	0.08	752
2444	19	2	19	922.1	9.6	17.4	9.6	45	1.3	0.504901961	0.22	0.26	0.08	752
2444	20	2	20	922.1	9.6	17.4	9.6	45	1.3	0.504901961	0.22	0.26	0.08	752
2444	21	2	21	922.1	9.6	17.4	9.6	45	1.3	0.504901961	0.22	0.26	0.08	752
2444	22	2	22	922.1	9.6	17.4	9.6	45	1.3	0.504901961	0.22	0.26	0.08	752
2444	23	2	23	922.1	9.6	17.4	9.6	45	1.3	0.504901961	0.22	0.26	0.08	752
2444	24	2	24	922.1	9.6	17.4	9.6	45	1.3	0.504901961	0.22	0.26	0.08	752
2444	25	2	25	903	9.6	17.4	9.6	45	1.3	0.504901961	0.22	0.26	0.08	752
2444	26	2	26	903	9.6	17.4	9.6	45	1.3	0.504901961	0.22	0.26	0.08	752
2444	1	2	1	903	9.6	17.4	9.6	45	1.3	0.504901961	0.22	0.26	0.08	752
2444	2	2	2	922.1	9.6	17.4	9.6	45	1.3	0.504901961	0.22	0.26	0.08	752
2444	3	2	3	922.1	9.6	17.4	9.6	45	1.3	0.504901961	0.22	0.26	0.08	752
2444	4	2	4	922.1	9.6	17.4	9.6	45	1.3	0.504901961	0.22	0.26	0.08	752
2444	5	2	5	922.1	9.6	17.4	9.6	45	1.3	0.504901961	0.22	0.26	0.08	752
2444	6	2	6	922.1	9.6	17.4	9.6	45	1.3	0.504901961	0.22	0.26	0.08	752
2444	7	2	7	922.1	9.6	17.4	9.6	45	1.3	0.504901961	0.22	0.26	0.08	752
2444	8	2	8	922.1	9.6	17.4	9.6	45	1.3	0.504901961	0.22	0.26	0.08	752
2444	9	2	9	922.1	9.6	17.4	9.6	45	1.3	0.504901961	0.22	0.26	0.08	752
2444	10	2	10	922.1	9.6	17.4	9.6	45	1.3	0.504901961	0.22	0.26	0.08	752
2444	11	2	11	903	9.6	17.4	9.6	45	1.3	0.504901961	0.22	0.26	0.08	752
2444	12	2	12	903	9.6	17.4	9.6	45	1.3	0.504901961	0.22	0.26	0.08	752
2445	1	1	1	922.1	9.6	17.4	9.6	45	1.3	0.505882353	0.22	0.26	0.08	752
2445	2	1	2	922.1	9.6	17.4	9.6	45	1.3	0.505882353	0.22	0.26	0.08	752
2445	3	1	3	922.1	9.6	17.4	9.6	45	1.3	0.505882353	0.22	0.26	0.08	752
2445	4	1	4	922.1	9.6	17.4	9.6	45	1.3	0.505882353	0.22	0.26	0.08	752
2445	5	1	5	922.1	9.6	17.4	9.6	45	1.3	0.505882353	0.22	0.26	0.08	752
2445	6	1	6	903	9.6	17.4	9.6	45	1.3	0.505882353	0.22	0.26	0.08	752
2445	7	1	7	903	9.6	17.4	9.6	45	1.3	0.505882353	0.22	0.26	0.08	752
2445	8	1	8	903	9.6	17.4	9.6	45	1.3	0.505882353	0.22	0.26	0.08	752
2445	9	1	9	922.1	9.6	17.4	9.6	45	1.3	0.505882353	0.22	0.26	0.08	752
2445	10	1	10	922.1	9.6	17.4	9.6	45	1.3	0.505882353	0.22	0.26	0.08	752
2445	11	1	11	922.1	9.6	17.4	9.6	45	1.3	0.505882353	0.22	0.26	0.08	752
2445	12	1	12	922.1	9.6	17.4	9.6	45	1.3	0.505882353	0.22	0.26	0.08	752
2445	13	1	13	922.1	9.6	17.4	9.6	45	1.3	0.505882353	0.22	0.26	0.08	752
2445	14	1	14	922.1	9.6	17.4	9.6	45	1.3	0.505882353	0.22	0.26	0.08	752
2445	15	1	15	922.1	9.6	17.4	9.6	45	1.3	0.505882353	0.22	0.26	0.08	752
2445	16	1	16	922.1	9.6	17.4	9.6	45	1.3	0.505882353	0.22	0.26	0.08	752
2445	17	1	17	922.1	9.6	17.4	9.6	45	1.3	0.505882353	0.22	0.26	0.08	752
2445	18	1	18	903	9.6	17.4	9.6	45	1.3	0.505882353	0.22	0.26	0.08	752
2445	19	1	19	903	9.6	17.4	9.6	45	1.3	0.505882353	0.22	0.26	0.08	752
2445	20	1	20	903	9.6	17.4	9.6	45	1.3	0.505882353	0.22	0.26	0.08	752
2445	21	1	21	922.1	9.6	17.4	9.6	45	1.3	0.505882353	0.22	0.26	0.08	752
2445	1	1	1	922.1	9.6	17.4	9.6	45	1.3	0.505882353	0.22	0.26	0.08	752
2445	2	1	2	922.1	9.6	17.4	9.6	45	1.3	0.505882353	0.22	0.26	0.08	752
2445	3	1	3	922.1	9.6	17.4	9.6	45	1.3	0.505882353	0.22	0.26	0.08	752
2445	4	1	4	922.1	9.6	17.4	9.6	45	1.3	0.505882353	0.22	0.26	0.08	752
2445	5	1	5	922.1	9.6	17.4	9.6	45	1.3	0.505882353	0.22	0.26	0.08	752
2445	6	1	6	922.1	9.6	17.4	9.6	45	1.3	0.505882353	0.22	0.26	0.08	752
2445	7	1	7	922.1	9.6	17.4	9.6	45	1.3	0.505882353	0.22	0.26	0.08	752
2445	8	1	8	922.1	9.6	17.4	9.6	45	1.3	0.505882353	0.22	0.26	0.08	752
2445	9	1	9	903	9.6	17.4	9.6	45	1.3	0.505882353	0.22	0.26	0.08	752
2445	10	1	10	903	9.6	17.4	9.6	45	1.3	0.505882353	0.22	0.26	0.08	752
2445	11	1	11	903	9.6	17.4	9.6	45	1.3	0.505882353	0.22	0.26	0.08	752
2445	12	1	12	922.1	9.6	17.4	9.6	45	1.3	0.505882353	0.22	0.26	0.08	752
2445	13	1	13	922.1	9.6	17.4	9.6	45	1.3	0.505882353	0.22	0.26	0.08	752
2445	14	1	14	922.1	9.6	17.4	9.6	45	1.3	0.505882353	0.22	0.26	0.08	752
2445	15	1	15	922.1	9.6	17.4	9.6	45	1.3	0.505882353	0.22	0.26	0.08	752
2445	16	1	16	922.1	9.6	17.4	9.6	45	1.3	0.505882353	0.22	0.26	0.08	752
2445	17	1	17	922.1	9.6	17.4	9.6	45	1.3	0.505882353	0.22	0.26	0.08	752
2445	18	1	18	922.1	9.6	17.4	9.6	45	1.3	0.505882353	0.22	0.26	0.08	752
2445	19	1	19	922.1	9.6	17.4	9.6	45	1.3	0.505882353	0.22	0.26	0.08	752
2445	20	1	20	922.1	9.6	17.4	9.6	45	1.3	0.505882353	0.22	0.26	0.08	752
2445	21	1	21	903	9.6	17.4	9.6	45	1.3	0.505882353	0.22	0.26	0.08	752
2445	22	1	22	903	9.6	17.4	9.6	45	1.3	0.505882353	0.22	0.26	0.08	752
2462	1	3	1	922.1	9.6	17.4	9.6	45	1.3	0.437254902	0.22	0.26	0.08	752
2462	2	3	2	922.1	9.6	17.4	9.6	45	1.3	0.437254902	0.22	0.26	0.08	752
2462	3	3	3	922.1	9.6	17.4	9.6	45	1.3	0.437254902	0.22	0.26	0.08	752
2462	4	3	4	922.1	9.6	17.4	9.6	45	1.3	0.437254902	0.22	0.26	0.08	752
2462	5	3	5	922.1	9.6	17.4	9.6	45	1.3	0.437254902	0.22	0.26	0.08	752
2462	6	3	6	922.1	9.6	17.4	9.6	45	1.3	0.437254902	0.22	0.26	0.08	752
2462	7	3	7	903	9.6	17.4	9.6	45	1.3	0.437254902	0.22	0.26	0.08	752
2462	8	3	8	903	9.6	17.4	9.6	45	1.3	0.437254902	0.22	0.26	0.08	752
2462	9	3	9	903	9.6	17.4	9.6	45	1.3	0.437254902	0.22	0.26	0.08	752
2462	10	3	10	922.1	9.6	17.4	9.6	45	1.3	0.437254902	0.22	0.26	0.08	752
2462	11	3	11	922.1	9.6	17.4	9.6	45	1.3	0.437254902	0.22	0.26	0.08	752
2462	12	3	12	922.1	9.6	17.4	9.6	45	1.3	0.437254902	0.22	0.26	0.08	752
2462	13	3	13	922.1	9.6	17.4	9.6	45	1.3	0.437254902	0.22	0.26	0.08	752
2462	14	3	14	922.1	9.6	17.4	9.6	45	1.3	0.437254902	0.22	0.26	0.08	752
2462	1	3	1	922.1	9.6	17.4	9.6	45	1.3	0.437254902	0.22	0.26	0.08	752
2462	2	3	2	922.1	9.6	17.4	9.6	45	1.3	0.437254902	0.22	0.26	0.08	752
2462	3	3	3	922.1	9.6	17.4	9.6	45	1.3	0.437254902	0.22	0.26	0.08	752
2462	4	3	4	922.1	9.6	17.4	9.6	45	1.3	0.437254902	0.22	0.26	0.08	752
2462	5	3	5	903	9.6	17.4	9.6	45	1.3	0.437254902	0.22	0.26	0.08	752
2462	6	3	6	903	9.6	17.4	9.6	45	1.3	0.437254902	0.22	0.26	0.08	752
2462	7	3	7	903	9.6	17.4	9.6	45	1.3	0.437254902	0.22	0.26	0.08	752
2462	8	3	8	922.1	9.6	17.4	9.6	45	1.3	0.437254902	0.22	0.26	0.08	752
2462	9	3	9	922.1	9.6	17.4	9.6	45	1.3	0.437254902	0.22	0.26	0.08	752
2462	10	3	10	922.1	9.6	17.4	9.6	45	1.3	0.437254902	0.22	0.26	0.08	752
2462	11	3	11	922.1	9.6	17.4	9.6	45	1.3	0.437254902	0.22	0.26	0.08	752
2462	12	3	12	922.1	9.6	17.4	9.6	45	1.3	0.437254902	0.22	0.26	0.08	752
2462	13	3	13	922.1	9.6	17.4	9.6	45	1.3	0.437254902	0.22	0.26	0.08	752
2462	14	3	14	922.1	9.6	17.4	9.6	45	1.3	0.437254902	0.22	0.26	0.08	752
2462	15	3	15	922.1	9.6	17.4	9.6	45	1.3	0.437254902	0.22	0.26	0.08	752
2462	16	3	16	922.1	9.6	17.4	9.6	45	1.3	0.437254902	0.22	0.26	0.08	752
2462	1	3	1	903	9.6	17.4	9.6	45	1.3	0.437254902	0.22	0.26	0.08	752
2462	2	3	2	903	9.6	17.4	9.6	45	1.3	0.437254902	0.22	0.26	0.08	752
2462	3	3	3	903	9.6	17.4	9.6	45	1.3	0.437254902	0.22	0.26	0.08	752
2462	4	3	4	922.1	9.6	17.4	9.6	45	1.3	0.437254902	0.22	0.26	0.08	752
2462	5	3	5	922.1	9.6	17.4	9.6	45	1.3	0.437254902	0.22	0.26	0.08	752
2462	6	3	6	922.1	9.6	17.4	9.6	45	1.3	0.437254902	0.22	0.26	0.08	752
2462	7	3	7	922.1	9.6	17.4	9.6	45	1.3	0.437254902	0.22	0.26	0.08	752
2462	8	3	8	922.1	9.6	17.4	9.6	45	1.3	0.437254902	0.22	0.26	0.08	752
2462	9	3	9	922.1	9.6	17.4	9.6	45	1.3	0.437254902	0.22	0.26	0.08	752
2462	10	3	10	922.1	9.6	17.4	9.6	45	1.3	0.437254902	0.22	0.26	0.08	752
2462	11	3	11	922.1	9.6	17.4	9.6	45	1.3	0.437254902	0.22	0.26	0.08	752
2462	12	3	12	922.1	9.6	17.4	9.6	45	1.3	0.437254902	0.22	0.26	0.08	752
2462	13	3	13	903	9.6	17.4	9.6	45	1.3	0.437254902	0.22	0.26	0.08	752
2462	14	3	14	903	9.6	17.4	9.6	45	1.3	0.437254902	0.22	0.26	0.08	752
