ID	Date	Offer1	Offer2	OfferDM1	OfferDM2	Refusal1	Refusal2	DMI	Breed	Parityt	month	Treatment
2288	01/01/1999	140.2016129	55.29354839	0.9221	0.901	0	0	5.87211129	1	1	1	1
2288	01/02/1999	122.5446429	48.0375	0.9221	0.901	0	0	5.123941071	1	1	2	1
2288	01/03/1999	123.3774194	47.12741935	0.9221	0.901	0	0	5.122233548	1	1	3	1
2288	01/04/1999	121.8983333	47.07166667	0.9221	0.901	0	0	5.075869667	1	1	4	1
2288	01/05/1999	120.2290323	47.02903226	0.9221	0.901	0	0	5.024142581	1	1	5	1
2288	01/06/1999	117.5266667	45.75	0.9221	0.901	0	0	4.904658667	1	1	6	1
2288	01/07/1999	118.95	45.75	0.903	0.8948	0	0	4.8639	1	1	7	1
2288	01/08/1999	115.1129032	44.37258065	0.903	0.8948	0	0	4.709886452	1	1	8	1
2288	01/09/1999	113.155	43.005	0.903	0.8948	0	0	4.611798	1	1	9	1
2288	01/10/1999	115.8016129	45.6516129	0.9221	0.901	0	0	4.849599032	1	1	10	1
2288	01/11/1999	116.51	45.75	0.9221	0.901	0	0	4.873922	1	1	11	1
2288	01/12/1999	120.6225806	45.75	0.9221	0.901	0	0	4.998256774	1	1	12	1
2288	01/01/2000	121.016129	45.94677419	0.9221	0.901	0	0	5.015967742	1	1	13	1
2288	01/02/2000	119.4758621	45.75	0.9221	0.901	0	0	4.963588276	1	1	14	1
2288	01/03/2000	122.7870968	48.50483871	0.9221	0.901	0	0	5.145076774	1	1	15	1
2288	01/04/2000	120.475	45.85166667	0.9221	0.901	0	0	4.996798333	1	1	16	1
2288	01/05/2000	119.3435484	45.75	0.9221	0.901	0	0	4.959588065	1	1	17	1
2288	01/06/2000	122	45.75	0.9221	0.901	0	0	5.0399	1	1	18	1
2288	01/07/2000	119.7370968	45.75	0.903	0.8948	0	0	4.887203226	1	1	19	1
2288	01/08/2000	118.95	45.75	0.903	0.8948	0	0	4.8639	1	1	20	1
2288	01/09/2000	119.0516667	45.75	0.903	0.8948	0	0	4.86691	1	1	21	1
2288	01/10/2000	122.7870968	46.14354839	0.9221	0.901	0	0	5.075321935	1	1	22	1
2297	01/01/1999	243.2129032	94.55	0.9221	0.901	1.393548387	0	8.861112903	1	1	23	3
2297	01/02/1999	223.4125	86.48928571	0.9221	0.901	0.896428571	0	8.482764286	1	1	24	3
2297	01/03/1999	187.033871	73.2	0.9221	0.901	0.048387097	0	7.772337419	1	1	25	3
2297	01/04/1999	181.8816667	70.35333333	0.9221	0.901	0.113333333	0	7.472591667	1	1	26	3
2297	01/05/1999	183.2951613	70.15	0.9221	0.901	0.151612903	0	7.47402129	1	1	27	3
2297	01/06/1999	180.7633333	68.72666667	0.9221	0.901	0	0	7.495232667	1	1	28	3
2297	01/07/1999	183.4919355	70.15	0.903	0.8948	0	0	7.490604516	1	1	29	3
2297	01/08/1999	182.7048387	70.15	0.903	0.8948	0	0	7.46730129	1	1	30	3
2297	01/09/1999	184.7283333	71.57333333	0.903	0.8948	0	0	7.568967333	1	1	31	3
2297	01/10/1999	184.3774194	70.15	0.9221	0.901	0	0	7.646543226	1	1	32	3
2297	01/11/1999	185.2366667	71.98	0.9221	0.901	0	0	7.726580667	1	1	33	3
2297	01/12/1999	191.166129	73.2	0.9221	0.901	0	0	7.941884839	1	1	34	3
2297	01/01/2000	197.4629032	76.54516129	0.9221	0.901	0	0	8.231073226	1	1	35	3
2297	01/02/2000	206.9793103	79.3	0.9221	0.901	0.024137931	0	8.577903793	1	1	36	3
2297	01/03/2000	212.9096774	82.05483871	0.9221	0.901	0.219354839	0	8.658566452	1	1	37	3
2297	01/04/2000	209.23	79.605	0.9221	0.901	0.2	0	8.492796	1	2	1	3
2297	01/05/2000	187.6241935	72.80645161	0.9221	0.901	0	0	7.823176452	1	2	2	3
2297	01/06/2000	181.9833333	70.15	0.9221	0.901	0.09	0	7.491174333	1	2	3	3
2297	01/07/2000	182.1145161	70.15	0.903	0.8948	0	0	7.449823871	1	2	4	3
2297	01/08/2000	181.3274194	70.15	0.903	0.8948	0	0	7.426520645	1	2	5	3
2297	01/09/2000	178.3233333	68.625	0.903	0.8948	0.696666667	0.166666667	6.514616667	1	2	6	3
2297	01/10/2000	176.4080645	67.49354839	0.9221	0.901	0.161290323	0	7.178407419	1	2	7	3
2297	01/11/2000	183	70.15	0.9221	0.901	0	0	7.6049	1	2	8	3
2297	01/12/2000	187.033871	72.41290323	0.9221	0.901	0	0	7.793703548	1	2	9	3
2297	01/01/2001	198.4467742	75.75806452	0.9221	0.901	0	0	8.237566774	1	2	10	3
2297	01/02/2001	200.4285714	77.12142857	0.9221	0.901	0	0	8.337757143	1	2	11	3
2297	01/03/2001	128.4935484	50.27580645	0.9221	0.901	0	0	5.369914839	1	3	1	3
2297	01/04/2001	119.9666667	45.75	0.9221	0.901	0	0	4.978426667	1	3	2	3
2297	01/05/2001	117.0806452	45.35645161	0.9221	0.901	0	0	4.879548387	1	3	3	3
2297	01/06/2001	116.0016667	45.03833333	0.9221	0.901	0	0	4.837530333	1	3	4	3
2297	01/07/2001	120.3274194	45.75	0.903	0.8948	0	0	4.904680645	1	3	5	3
2297	01/08/2001	150.2370968	57.8516129	0.903	0.8948	0	0	6.145236774	1	3	6	3
2297	01/09/2001	144.7733333	54.9	0.903	0.8948	0	0	5.89688	1	3	7	3
2297	01/10/2001	143.8419355	54.9	0.9221	0.901	0	0	5.970542581	1	3	8	3
2297	01/11/2001	145.6883333	56.32333333	0.9221	0.901	0	0	6.068411	1	3	9	3
2297	01/12/2001	145.1209677	56.27741935	0.9221	0.901	0.029032258	0	6.023130968	1	3	10	3
2297	01/01/2002	142.9564516	54.9	0.9221	0.901	0.051612903	0	5.896179677	1	3	11	3
2297	01/02/2002	153.1535714	59.14821429	0.9221	0.901	0	0	6.377555714	1	3	12	3
2297	01/03/2002	170.8983871	65.62419355	0.9221	0.901	0	0	7.105337742	1	3	13	3
2297	01/04/2002	177.51	68.93	0.9221	0.901	0	0	7.402882	1	3	14	3
2297	01/05/2002	183.3935484	70.15	0.9221	0.901	0	0	7.616798065	1	3	15	3
2297	01/06/2002	190.93	73.40333333	0.9221	0.901	0	0	7.940752667	1	3	16	3
2297	01/07/2002	199.9225806	77.43064516	0.903	0.8948	0	0	8.190656774	1	3	17	3
2297	01/08/2002	215.40625	81.96875	0.903	0.8948	0	0	8.7822125	1	3	18	3
2315	01/06/1999	128.1	48.8	0.9221	0.901	0.033333333	0	5.283683333	1	1	1	1
2315	01/07/1999	103.0112903	40.14193548	0.903	0.8948	0	0	4.227481935	1	1	2	1
2315	01/08/1999	95.14032258	36.6	0.903	0.8948	0	0	3.890537419	1	1	3	1
2315	01/09/1999	95.87166667	36.6	0.903	0.8948	0	0	3.91219	1	1	4	1
2315	01/10/1999	97.79677419	36.79677419	0.9221	0.901	0	0	4.043681935	1	1	5	1
2315	01/11/1999	100.955	39.65	0.9221	0.901	0	0	4.223451	1	1	6	1
2315	01/12/1999	103.7	39.65	0.9221	0.901	0	0	4.30644	1	1	7	1
2315	01/01/2000	104.683871	39.65	0.9221	0.901	0	0	4.336185161	1	1	8	1
2315	01/02/2000	106.75	41.22758621	0.9221	0.901	0	0	4.445253448	1	1	9	1
2315	01/03/2000	109.5048387	42.40483871	0.9221	0.901	0.148387097	0	4.426489355	1	1	10	1
2315	01/04/2000	113.0533333	44.225	0.9221	0.901	0.04	0	4.687483333	1	1	11	1
2315	01/05/2000	116.2935484	45.75	0.9221	0.901	0	0	4.867378065	1	1	12	1
2315	01/06/2000	120.9833333	46.46166667	0.9221	0.901	0	0	5.030186667	1	1	13	1
2315	01/07/2000	124.2629032	48.8	0.903	0.8948	0	0	5.110676774	1	1	14	1
2315	01/08/2000	139.5129032	53.71935484	0.903	0.8948	0	0	5.706499355	1	1	15	1
2315	01/09/2000	164.5983333	63.94833333	0.903	0.8948	0	0	6.749287333	1	2	1	1
2315	01/10/2000	137.7419355	52.24354839	0.9221	0.901	0	0	5.707648387	1	2	2	1
2315	01/11/2000	110.8166667	42.7	0.9221	0.901	0	0	4.611696667	1	2	3	1
2315	01/12/2000	109.8	42.7	0.9221	0.901	0	0	4.58096	1	2	4	1
2315	01/01/2001	109.8	42.7	0.9221	0.901	0	0	4.58096	1	2	5	1
2315	01/02/2001	109.8	43.35357143	0.9221	0.901	0	0	4.600267143	1	2	6	1
2315	01/03/2001	112.6532258	44.47096774	0.9221	0.901	0	0	4.719537097	1	2	7	1
2315	01/04/2001	113.155	43.005	0.9221	0.901	0	0	4.691401	1	2	8	1
2315	01/05/2001	117.1790323	45.75	0.9221	0.901	0.041935484	0	4.85548	1	2	9	1
2315	01/06/2001	118.2383333	45.75	0.9221	0.901	0	0	4.926174333	1	2	10	1
2315	01/07/2001	120.3274194	45.75	0.903	0.8948	0	0	4.904680645	1	2	11	1
2315	01/08/2001	121.7048387	48.50483871	0.903	0.8948	0	0	5.026281935	1	2	12	1
2315	01/09/2001	125.05	48.8	0.903	0.8948	0	0	5.13398	1	2	13	1
2315	01/10/2001	126.9193548	48.8	0.9221	0.901	0	0	5.278725806	1	2	14	1
2315	01/11/2001	130.9466667	50.935	0.9221	0.901	0	0	5.463552667	1	2	15	1
2315	01/12/2001	135.5774194	51.85	0.9221	0.901	0	0	5.630583226	1	2	16	1
2315	01/01/2002	138.1354839	53.12903226	0.9221	0.901	0	0	5.745704516	1	2	17	1
2315	01/02/2002	143.1321429	55.98928571	0.9221	0.901	0	0	5.981262143	1	2	18	1
2321	01/01/1999	143.35	54.9	0.9221	0.901	0	0	5.95567	1	1	1	1
2321	01/02/1999	124.2875	48.8	0.9221	0.901	0	0	5.1991575	1	1	2	1
2321	01/03/1999	118.95	45.75	0.9221	0.901	0	0	4.94769	1	1	3	1
2321	01/04/1999	115.9	45.64833333	0.9221	0.901	0	0	4.852476667	1	1	4	1
2321	01/05/1999	111.0790323	42.7	0.9221	0.901	0	0	4.61962871	1	1	5	1
2321	01/06/1999	107.8683333	42.7	0.9221	0.901	0	0	4.522560333	1	1	6	1
2321	01/07/1999	108.3241935	42.7	0.903	0.8948	0	0	4.459826452	1	1	7	1
2321	01/08/1999	105.4709677	40.24032258	0.903	0.8948	0	0	4.303190968	1	1	8	1
2321	01/09/1999	103.7	39.65	0.903	0.8948	0	0	4.23344	1	1	9	1
2321	01/10/1999	103.7983871	39.65	0.9221	0.901	0	0	4.309414516	1	1	10	1
2321	01/11/1999	105.53	39.65	0.9221	0.901	0	0	4.361766	1	1	11	1
2321	01/12/1999	106.75	41.02741935	0.9221	0.901	0	0	4.439340323	1	1	12	1
2321	01/01/2000	106.75	42.01129032	0.9221	0.901	0	0	4.468404839	1	1	13	1
2321	01/02/2000	108.3275862	42.7	0.9221	0.901	0	0	4.536444828	1	1	14	1
2321	01/03/2000	110.8822581	42.7	0.9221	0.901	0	0	4.613679677	1	1	15	1
2321	01/04/2000	111.4266667	42.7	0.9221	0.901	0	0	4.630138667	1	1	16	1
2321	01/05/2000	112.4564516	42.7	0.9221	0.901	0	0	4.661271935	1	1	17	1
2321	01/06/2000	110.41	42.7	0.9221	0.901	0	0	4.599402	1	1	18	1
2321	01/07/2000	108.1274194	42.7	0.903	0.8948	0	0	4.454000645	1	1	19	1
2321	01/08/2000	112.0629032	42.7	0.903	0.8948	0	0	4.570516774	1	1	20	1
2321	01/09/2000	110.105	42.80166667	0.903	0.8948	0	0	4.515532667	1	1	21	1
2321	01/10/2000	118.0645161	45.75	0.9221	0.901	0	0	4.920919355	1	1	22	1
2321	01/11/2000	122	46.36	0.9221	0.901	0	0	5.05792	1	1	23	1
2321	01/12/2000	126.5258065	48.8	0.9221	0.901	0	0	5.266827742	1	1	24	1
2321	01/01/2001	130.6580645	51.35806452	0.9221	0.901	0	0	5.467325161	1	1	25	1
2321	01/02/2001	135.2892857	51.85	0.9221	0.901	0	0	5.621872143	1	1	26	1
2321	01/03/2001	134.6919355	50.96451613	0.9221	0.901	0	0	5.577654516	1	2	1	1
2321	01/04/2001	112.85	42.7	0.9221	0.901	0	0	4.67317	1	2	2	1
2321	01/05/2001	114.1290323	43.97903226	0.9221	0.901	0	0	4.749622581	1	2	3	1
2321	01/06/2001	115.1883333	45.03833333	0.9221	0.901	0	0	4.812941	1	2	4	1
2321	01/07/2001	115.9	45.75	0.903	0.8948	0	0	4.7736	1	2	5	1
2321	01/08/2001	117.2774194	45.75	0.903	0.8948	0	0	4.814380645	1	2	6	1
2321	01/09/2001	119.1533333	45.75	0.903	0.8948	0	0	4.86992	1	2	7	1
2321	01/10/2001	122.8854839	47.12741935	0.9221	0.901	0	0	5.107360968	1	2	8	1
2321	01/11/2001	118.95	45.75	0.9221	0.901	0	0	4.94769	1	2	9	1
2321	01/12/2001	122.2951613	46.73387097	0.9221	0.901	0	0	5.077888065	1	2	10	1
2321	01/01/2002	123.6725806	48.8	0.9221	0.901	0	0	5.180566774	1	2	11	1
2321	01/02/2002	129.4071429	48.8	0.9221	0.901	0	0	5.353938571	1	2	12	1
2321	01/03/2002	131.3467742	50.37419355	0.9221	0.901	0	0	5.459082258	1	2	13	1
2321	01/04/2002	134.6066667	51.85	0.9221	0.901	0	0	5.601234667	1	2	14	1
2321	01/05/2002	137.25	51.85	0.9221	0.901	0	0	5.68115	1	2	15	1
2321	01/06/2002	126.0666667	48.59666667	0.9221	0.901	0.283333333	0	4.985678333	1	3	1	1
2321	01/07/2002	118.7532258	46.93064516	0.903	0.8948	0	0	4.892711613	1	3	2	1
2321	01/08/2002	140.3	55.6625	0.903	0.8948	0	0	5.78681	1	3	3	1
2323	01/02/1999	150.8660714	58.05892857	0.9221	0.901	0	0	6.276219643	1	1	1	2
2323	01/03/1999	131.6419355	51.85	0.9221	0.901	0	0	5.511602581	1	1	2	2
2323	01/04/1999	126.7783333	49.00333333	0.9221	0.901	0	0	5.280469	1	1	3	2
2323	01/05/1999	124.7548387	48.8	0.9221	0.901	0	0	5.213286452	1	1	4	2
2323	01/06/1999	122	46.86833333	0.9221	0.901	0	0	5.072936667	1	1	5	2
2323	01/07/1999	121.2129032	45.75	0.903	0.8948	0	0	4.930896774	1	1	6	2
2323	01/08/1999	118.95	45.75	0.903	0.8948	0	0	4.8639	1	1	7	2
2323	01/09/1999	117.6283333	45.75	0.903	0.8948	0	0	4.82477	1	1	8	2
2323	01/10/1999	118.6548387	45.75	0.9221	0.901	0	0	4.938766452	1	1	9	2
2323	01/11/1999	118.035	46.055	0.9221	0.901	0	0	4.929037	1	1	10	2
2323	01/12/1999	122	46.73387097	0.9221	0.901	0	0	5.068964516	1	1	11	2
2323	01/01/2000	122	48.11129032	0.9221	0.901	0	0	5.109654839	1	1	12	2
2323	01/02/2000	125.1551724	47.74827586	0.9221	0.901	0	0	5.19432069	1	1	13	2
2323	01/03/2000	123.3774194	47.12741935	0.9221	0.901	0	0	5.122233548	1	1	14	2
2323	01/04/2000	122.1016667	47.275	0.9221	0.901	0.05	0	5.041918667	1	1	15	2
2323	01/05/2000	124.6564516	48.8	0.9221	0.901	0	0	5.210311935	1	1	16	2
2323	01/06/2000	126.0666667	48.8	0.9221	0.901	0	0	5.252946667	1	1	17	2
2323	01/07/2000	128.9854839	48.8	0.903	0.8948	0	0	5.250496129	1	1	18	2
2323	01/08/2000	135.0854839	51.45645161	0.903	0.8948	0	0	5.509030323	1	1	19	2
2323	01/09/2000	140.4016667	54.79833333	0.903	0.8948	0	0	5.764467333	1	1	20	2
2323	01/10/2000	144.6290323	54.9	0.9221	0.901	0	0	5.99433871	1	1	21	2
2323	01/11/2000	141.215	53.985	0.9221	0.901	0	0	5.864093	1	2	1	2
2323	01/12/2000	121.1145161	45.75	0.9221	0.901	0	0	5.013129355	1	2	2	2
2323	01/01/2001	120.3274194	45.75	0.9221	0.901	0	0	4.989333226	1	2	3	2
2323	01/02/2001	120.2571429	45.75	0.9221	0.901	0.014285714	0	4.974035714	1	2	4	2
2323	01/03/2001	120.5241935	45.75	0.9221	0.901	0	0	4.995282258	1	2	5	2
2323	01/04/2001	118.95	45.75	0.9221	0.901	0	0	4.94769	1	2	6	2
2323	01/05/2001	118.95	45.75	0.9221	0.901	0	0	4.94769	1	2	7	2
2323	01/06/2001	121.2883333	45.75	0.9221	0.901	0	0	5.018384333	1	2	8	2
2323	01/07/2001	120.9177419	45.75	0.903	0.8948	0	0	4.922158065	1	2	9	2
2323	01/08/2001	123.0822581	47.12741935	0.903	0.8948	0	0	5.026652258	1	2	10	2
2323	01/09/2001	125.2533333	48.8	0.903	0.8948	0	0	5.14	1	2	11	2
2323	01/10/2001	124.8532258	48.8	0.9221	0.901	0	0	5.216260968	1	2	12	2
2323	01/11/2001	127.8966667	48.8	0.9221	0.901	0	0	5.308272667	1	2	13	2
2323	01/12/2001	131.5435484	50.17741935	0.9221	0.901	0	0	5.459218387	1	2	14	2
2323	01/01/2002	130.7564516	48.8	0.9221	0.901	0	0	5.394731935	1	2	15	2
2323	01/02/2002	132.4571429	50.21607143	0.9221	0.901	0	0	5.487980714	1	2	16	2
2323	01/03/2002	140.5951613	54.8016129	0.9221	0.901	0	0	5.869477097	1	2	17	2
2323	01/04/2002	147.62	57.13666667	0.9221	0.901	0	0	6.150837333	1	2	18	2
2324	01/07/1999	126.7225806	49.88225806	0.903	0.8948	0	0	5.215250323	1	1	1	1
2324	01/08/1999	102.6177419	39.65	0.903	0.8948	0	0	4.201398065	1	1	2	1
2324	01/09/1999	99.32833333	39.65	0.903	0.8948	0	0	4.10401	1	1	3	1
2324	01/10/1999	94.66730769	36.71730769	0.9221	0.901	0.019230769	0.034615385	3.897800769	1	1	4	1
2324	01/08/2000	131.15	51.85	0.903	0.8948	0	0	5.40406	1	1	5	1
2324	01/09/2000	134.0983333	51.85	0.903	0.8948	0	0	5.49135	1	1	6	1
2324	01/10/2000	136.3645161	52.24354839	0.9221	0.901	0	0	5.666005161	1	1	7	1
2324	01/11/2000	138.8766667	52.86666667	0.9221	0.901	0	0	5.760362	1	1	8	1
2324	01/12/2000	141.1854839	54.11290323	0.9221	0.901	0	0	5.866979032	1	1	9	1
2327	01/02/1999	217.4214286	84.41964286	0.9221	0.901	0.475	0	8.6290975	1	1	10	3
2327	01/03/1999	190.083871	73.69193548	0.9221	0.901	0	0	7.923697419	1	1	11	3
2327	01/04/1999	184.9316667	70.455	0.9221	0.901	0	0	7.672309667	1	1	12	3
2327	01/05/1999	186.2467742	71.62580645	0.9221	0.901	0	0	7.746655806	1	1	13	3
2327	01/06/1999	180.255	68.21833333	0.9221	0.901	0	0	7.464847667	1	1	14	3
2327	01/07/1999	177.0967742	67.88709677	0.903	0.8948	0	0	7.234877419	1	1	15	3
2327	01/08/1999	177.7854839	68.77258065	0.903	0.8948	0	0	7.281245806	1	1	16	3
2327	01/09/1999	183	70.15	0.903	0.8948	0	0	7.47604	1	1	17	3
2327	01/10/1999	187.5258065	73.1016129	0.9221	0.901	0	0	7.82892129	1	1	18	3
2327	01/11/1999	195.4033333	75.43666667	0.9221	0.901	0	0	8.136060667	1	1	19	3
2327	01/12/1999	204.35	79.3	0.9221	0.901	0	0	8.52067	1	1	20	3
2327	01/01/2000	211.433871	81.66129032	0.9221	0.901	0.080645161	0	8.730227097	1	1	21	3
2327	01/02/2000	213.5	82.35	0.9221	0.901	1.089655172	0	7.882628966	1	1	22	3
2327	01/03/2000	199.9225806	77.23387097	0.9221	0.901	0.14516129	0	8.191928065	1	2	1	3
2327	01/04/2000	180.3566667	68.82833333	0.9221	0.901	0.153333333	0	7.344552667	1	2	2	3
2327	01/05/2000	181.1306452	70.15	0.9221	0.901	0	0	7.548384194	1	2	3	3
2327	01/06/2000	180.6616667	70.15	0.9221	0.901	0	0	7.534205667	1	2	4	3
2327	01/07/2000	182.1145161	70.15	0.903	0.8948	0	0	7.449823871	1	2	5	3
2327	01/08/2000	177.1951613	68.77258065	0.903	0.8948	0	0	7.263768387	1	2	6	3
2327	01/09/2000	174.155	67.20166667	0.903	0.8948	0	0	7.127672667	1	2	7	3
2327	01/10/2000	175.916129	67.49354839	0.9221	0.901	0	0	7.312260645	1	2	8	3
2327	01/11/2000	177.9166667	68.72666667	0.9221	0.901	0	0	7.40917	1	2	9	3
2327	01/12/2000	176.9	67.88709677	0.9221	0.901	0	0	7.353631613	1	2	10	3
2327	01/01/2001	181.8193548	70.83870968	0.9221	0.901	0	0	7.589550968	1	2	11	3
2327	01/02/2001	190.1892857	73.2	0.9221	0.901	0	0	7.912352143	1	2	12	3
2327	01/03/2001	199.4306452	76.1516129	0.9221	0.901	0	0	8.278937742	1	2	13	3
2327	01/04/2001	196.115	76.65666667	0.9221	0.901	0.093333333	0	8.107553667	1	2	14	3
2327	01/05/2001	166.766129	64.64032258	0.9221	0.901	0	0	6.951343548	1	2	15	3
2327	01/06/2001	173.0366667	67.1	0.9221	0.901	0	0	7.213580667	1	2	16	3
2327	01/07/2001	136.8564516	52.93225806	0.903	0.8948	0	0	5.604759355	1	2	17	3
2327	01/08/2001	166.0774194	64.05	0.903	0.8948	0.016129032	0	6.781496129	1	2	18	3
2330	01/05/1999	221.2725806	85.89193548	0.9221	0.901	0.051612903	0	9.179426774	1	1	1	3
2330	01/06/1999	179.5433333	69.54	0.9221	0.901	0	0	7.482375333	1	1	2	3
2330	01/07/1999	182.1145161	70.15	0.903	0.8948	0	0	7.449823871	1	1	3	3
2330	01/08/1999	180.8354839	69.06774194	0.903	0.8948	0	0	7.380205161	1	1	4	3
2330	01/09/1999	176.9	67.1	0.903	0.8948	0	0	7.20596	1	1	5	3
2330	01/10/1999	181.0322581	70.0516129	0.9221	0.901	0	0	7.542503226	1	1	6	3
2330	01/11/1999	182.39	70.55666667	0.9221	0.901	0	0	7.598471333	1	1	7	3
2330	01/12/1999	183.983871	71.13387097	0.9221	0.901	0	0	7.663709677	1	1	8	3
2330	01/01/2000	184.7709677	71.13387097	0.9221	0.901	0	0	7.687505806	1	1	9	3
2330	01/02/2000	184.1568966	72.04310345	0.9221	0.901	0.04137931	0	7.657644483	1	1	10	3
2330	01/03/2000	185.4596774	71.52741935	0.9221	0.901	0.187096774	0	7.54743129	1	1	11	3
2330	01/04/2000	186.2533333	71.77666667	0.9221	0.901	0.186666667	0	7.579185333	1	1	12	3
2330	01/05/2000	186.4435484	71.72419355	0.9221	0.901	0	0	7.75551129	1	1	13	3
2330	01/06/2000	189.8116667	73.2	0.9221	0.901	0	0	7.900935667	1	1	14	3
2330	01/07/2000	186.7387097	72.31451613	0.903	0.8948	0	0	7.650232258	1	1	15	3
2330	01/08/2000	185.6564516	72.80645161	0.903	0.8948	0	0	7.632622581	1	1	16	3
2330	01/09/2000	184.83	71.77666667	0.903	0.8948	0	0	7.577942667	1	1	17	3
2330	01/10/2000	189.3951613	73.2	0.9221	0.901	0	0	7.888343548	1	1	18	3
2330	01/11/2000	190.7266667	73.2	0.9221	0.901	0	0	7.928598667	1	1	19	3
2330	01/12/2000	193.0354839	74.08548387	0.9221	0.901	0	0	8.02455871	1	1	20	3
2330	01/01/2001	204.0548387	78.80806452	0.9221	0.901	0	0	8.497214194	1	1	21	3
2330	01/02/2001	214.3714286	82.13214286	0.9221	0.901	0	0	8.90731	1	1	22	3
2330	01/03/2001	220.8790323	84.21935484	0.9221	0.901	0	0	9.16571129	1	1	23	3
2330	01/04/2001	210.145	81.02833333	0.9221	0.901	0	0	8.746925667	1	2	1	3
2330	01/05/2001	181.6225806	70.15	0.9221	0.901	0	0	7.563256774	1	2	2	3
2330	01/06/2001	183.8133333	70.15	0.9221	0.901	0	0	7.629489333	1	2	3	3
2330	01/07/2001	189.8870968	72.60967742	0.903	0.8948	0	0	7.752104516	1	2	4	3
2330	01/08/2001	182.2129032	70.44516129	0.903	0.8948	0.04516129	0	7.420615484	1	2	5	3
2330	01/09/2001	182.7966667	70.15	0.903	0.8948	0	0	7.47002	1	2	6	3
2330	01/10/2001	181.3274194	70.15	0.9221	0.901	0	0	7.554333226	1	2	7	3
2330	01/11/2001	183.5083333	71.57333333	0.9221	0.901	0.1	0	7.570105	1	2	8	3
2330	01/12/2001	173.5548387	67.78870968	0.9221	0.901	0.148387097	0	7.112763871	1	2	9	3
2330	01/01/2002	178.7693548	69.75645161	0.9221	0.901	0	0	7.46537	1	2	10	3
2330	01/02/2002	182.7821429	71.56607143	0.9221	0.901	0	0	7.640145714	1	2	11	3
2330	01/03/2002	184.8693548	71.82258065	0.9221	0.901	0	0	7.710825484	1	2	12	3
2330	01/04/2002	189.9133333	73.60666667	0.9221	0.901	0	0	7.916022667	1	2	13	3
2330	01/05/2002	191.7564516	74.18387097	0.9221	0.901	0	0	7.988796452	1	2	14	3
2330	01/06/2002	195.4033333	75.53833333	0.9221	0.901	0	0	8.139064	1	2	15	3
2330	01/07/2002	188.0177419	72.31451613	0.903	0.8948	0	0	7.6881	1	2	16	3
2330	01/08/2002	186.05	73.2	0.903	0.8948	0	0	7.65582	1	2	17	3
2334	01/02/1999	158.9267857	61.43571429	0.9221	0.901	0	0	6.619671071	1	1	1	2
2334	01/03/1999	137.7419355	53.71935484	0.9221	0.901	0	0	5.751245161	1	1	2	2
2334	01/04/1999	134.4033333	51.85	0.9221	0.901	0	0	5.595087333	1	1	3	2
2334	01/05/1999	132.9209677	51.85	0.9221	0.901	0	0	5.55027129	1	1	4	2
2334	01/06/1999	132.7766667	51.85	0.9221	0.901	0	0	5.545908667	1	1	5	2
2334	01/07/1999	130.6580645	50.47258065	0.903	0.8948	0	0	5.349085161	1	1	6	2
2334	01/08/1999	127.6080645	49.39032258	0.903	0.8948	0	0	5.227034194	1	1	7	2
2334	01/09/1999	125.05	48.8	0.903	0.8948	0	0	5.13398	1	1	8	2
2334	01/10/1999	125.2467742	48.8	0.9221	0.901	0	0	5.228159032	1	1	9	2
2334	01/11/1999	130.235	49.105	0.9221	0.901	0	0	5.387977	1	1	10	2
2334	01/12/1999	132.133871	51.85	0.9221	0.901	0	0	5.526475161	1	1	11	2
2334	01/01/2000	131.15	51.85	0.9221	0.901	0	0	5.49673	1	1	12	2
2334	01/02/2000	132.7275862	51.85	0.9221	0.901	0	0	5.544424828	1	1	13	2
2334	01/03/2000	133.9048387	51.85	0.9221	0.901	0	0	5.580016452	1	1	14	2
2334	01/04/2000	134.0983333	51.85	0.9221	0.901	0.033333333	0	5.555129667	1	1	15	2
2334	01/05/2000	133.0193548	51.85	0.9221	0.901	0	0	5.553245806	1	1	16	2
2334	01/06/2000	134.9116667	51.85	0.9221	0.901	0	0	5.610455667	1	1	17	2
2334	01/07/2000	138.6274194	53.22741935	0.903	0.8948	0	0	5.665850968	1	1	18	2
2334	01/08/2000	141.1854839	54.50645161	0.903	0.8948	0	0	5.779110323	1	1	19	2
2334	01/09/2000	145.0783333	56.425	0.903	0.8948	0	0	5.95065	1	1	20	2
2334	01/10/2000	153.2870968	58.34354839	0.9221	0.901	0	0	6.357821935	1	1	21	2
2334	01/11/2000	156.5666667	61	0.9221	0.901	0	0	6.535446667	1	1	22	2
2334	01/12/2000	148.466129	57.8516129	0.9221	0.901	0	0	6.197538387	1	2	1	2
2334	01/01/2001	129.2806452	48.8	0.9221	0.901	0	0	5.350114194	1	2	2	2
2334	01/02/2001	128.3178571	48.8	0.9221	0.901	0.067857143	0	5.258435357	1	2	3	2
2334	01/03/2001	129.4774194	48.8	0.9221	0.901	0	0	5.356063226	1	2	4	2
2334	01/04/2001	126.6766667	48.8	0.9221	0.901	0	0	5.271388667	1	2	5	2
2334	01/05/2001	128.6903226	49.39032258	0.9221	0.901	0	0	5.349705806	1	2	6	2
2334	01/06/2001	131.15	51.85	0.9221	0.901	0	0	5.49673	1	2	7	2
2334	01/07/2001	130.0677419	50.76774194	0.903	0.8948	0	0	5.340267097	1	2	8	2
2334	01/08/2001	129.4774194	48.8	0.903	0.8948	0	0	5.265060645	1	2	9	2
2334	01/09/2001	129.93	50.42666667	0.903	0.8948	0	0	5.326182667	1	2	10	2
2334	01/10/2001	132.3306452	50.47258065	0.9221	0.901	0	0	5.491733871	1	2	11	2
2334	01/11/2001	132.5733333	51.85	0.9221	0.901	0	0	5.539761333	1	2	12	2
2334	01/12/2001	136.266129	51.85	0.9221	0.901	0	0	5.651404839	1	2	13	2
2334	01/01/2002	136.8564516	51.85	0.9221	0.901	0	0	5.669251935	1	2	14	2
2334	01/02/2002	138.6660714	53.26607143	0.9221	0.901	0	0	5.765793929	1	2	15	2
2334	01/03/2002	143.4483871	55.09677419	0.9221	0.901	0	0	5.964457419	1	2	16	2
2334	01/04/2002	150.06	57.95	0.9221	0.901	0	0	6.248632	1	2	17	2
2334	01/05/2002	150.433871	57.95	0.9221	0.901	0	0	6.259935161	1	2	18	2
2341	01/01/1999	167.8483871	65.91935484	0.9221	0.901	0.067741935	0	6.959382258	1	1	1	2
2341	01/02/1999	139.5375	54.1375	0.9221	0.901	0	0	5.8178825	1	1	2	2
2341	01/03/1999	136.0693548	51.85	0.9221	0.901	0	0	5.645455806	1	1	3	2
2341	01/04/1999	131.3533333	50.42666667	0.9221	0.901	0.043333333	0	5.420873	1	1	4	2
2341	01/05/1999	129.2806452	50.27580645	0.9221	0.901	0	0	5.393710968	1	1	5	2
2341	01/06/1999	125.5583333	49.30833333	0.9221	0.901	0	0	5.252595	1	1	6	2
2341	01/07/1999	126.7225806	48.8	0.903	0.8948	0	0	5.183499355	1	1	7	2
2341	01/08/1999	125.6403226	48.8	0.903	0.8948	0	0	5.151457419	1	1	8	2
2341	01/09/1999	123.7283333	48.8	0.903	0.8948	0	0	5.09485	1	1	9	2
2341	01/10/1999	122	48.60322581	0.9221	0.901	0	0	5.124187097	1	1	10	2
2341	01/11/1999	122.61	46.76666667	0.9221	0.901	0	0	5.088375333	1	1	11	2
2341	01/12/1999	127.4112903	48.8	0.9221	0.901	0	0	5.293598387	1	1	12	2
2341	01/01/2000	123.6725806	48.8	0.9221	0.901	0	0	5.180566774	1	1	13	2
2341	01/02/2000	128.2051724	48.8	0.9221	0.901	0	0	5.317599655	1	1	14	2
2341	01/03/2000	127.8048387	48.8	0.9221	0.901	0	0	5.305496452	1	1	15	2
2341	01/04/2000	131.15	50.325	0.9221	0.901	0	0	5.45168	1	1	16	2
2341	01/05/2000	136.0693548	51.85	0.9221	0.901	0	0	5.645455806	1	1	17	2
2341	01/06/2000	137.9616667	53.88333333	0.9221	0.901	0.11	0	5.661301333	1	1	18	2
2341	01/07/2000	141.1854839	54.9	0.903	0.8948	0	0	5.790656129	1	1	19	2
2341	01/08/2000	148.6629032	57.55645161	0.903	0.8948	0	0	6.089970968	1	1	20	2
2341	01/09/2000	152.6016667	59.67833333	0.903	0.8948	0	0	6.268835333	1	1	21	2
2341	01/10/2000	137.3483871	53.22741935	0.9221	0.901	0	0	5.724814839	1	2	1	2
2341	01/11/2000	123.0166667	48.19	0.9221	0.901	0	0	5.142716667	1	2	2	2
2341	01/12/2000	119.7370968	45.75	0.9221	0.901	0	0	4.971486129	1	2	3	2
2341	01/01/2001	121.5080645	45.75	0.9221	0.901	0	0	5.025027419	1	2	4	2
2341	01/02/2001	123.3071429	47.05714286	0.9221	0.901	0	0	5.118032857	1	2	5	2
2341	01/03/2001	123.4758065	47.32419355	0.9221	0.901	0	0	5.131020968	1	2	6	2
2341	01/04/2001	119.255	45.75	0.9221	0.901	0	0	4.956911	1	2	7	2
2341	01/05/2001	122	45.75	0.9221	0.901	0	0	5.0399	1	2	8	2
2341	01/06/2001	122.8133333	48.08833333	0.9221	0.901	0	0	5.133566	1	2	9	2
2341	01/07/2001	125.05	48.8	0.903	0.8948	0	0	5.13398	1	2	10	2
2341	01/08/2001	126.4274194	48.8	0.903	0.8948	0	0	5.174760645	1	2	11	2
2341	01/09/2001	125.05	48.8	0.903	0.8948	0	0	5.13398	1	2	12	2
2341	01/10/2001	126.4274194	48.8	0.9221	0.901	0	0	5.263853226	1	2	13	2
2341	01/11/2001	127.185	48.8	0.9221	0.901	0	0	5.286757	1	2	14	2
2341	01/12/2001	131.4451613	51.16129032	0.9221	0.901	0	0	5.485308387	1	2	15	2
2341	01/01/2002	139.5129032	54.50645161	0.9221	0.901	0	0	5.828038065	1	2	16	2
2341	01/02/2002	144.6571429	56.31607143	0.9221	0.901	0	0	6.037020714	1	2	17	2
2341	01/03/2002	147.9741935	57.95	0.9221	0.901	0	0	6.185572258	1	2	18	2
2361	01/01/1999	214.6806452	82.35	0.9221	0.901	0.374193548	0	8.578050323	1	1	1	3
2361	01/02/1999	187.6839286	72.00178571	0.9221	0.901	0.064285714	0	7.741933929	1	1	2	3
2361	01/03/1999	174.3419355	67.59193548	0.9221	0.901	0	0	7.267574839	1	1	3	3
2361	01/04/1999	171.0033333	65.67666667	0.9221	0.901	0	0	7.110060667	1	1	4	3
2361	01/05/1999	165.8806452	64.05	0.9221	0.901	0	0	6.907134194	1	1	5	3
2361	01/06/1999	162.1583333	62.62666667	0.9221	0.901	0	0	6.752551667	1	1	6	3
2361	01/07/1999	162.5354839	63.26290323	0.903	0.8948	0.022580645	0	6.647714194	1	1	7	3
2361	01/08/1999	164.4048387	62.37741935	0.903	0.8948	0	0	6.697471613	1	1	8	3
2361	01/09/1999	162.9716667	63.745	0.903	0.8948	0	0	6.695162	1	1	9	3
2361	01/10/1999	166.4709677	64.24677419	0.9221	0.901	0	0	6.930794194	1	1	10	3
2361	01/11/1999	173.0366667	67.1	0.9221	0.901	0	0	7.213580667	1	1	11	3
2361	01/12/1999	182.4096774	69.85483871	0.9221	0.901	0	0	7.578333548	1	1	12	3
2361	01/01/2000	192.0516129	74.18387097	0.9221	0.901	0	0	7.99772	1	1	13	3
2361	01/02/2000	200.8793103	78.87931034	0.9221	0.901	0.062068966	0	8.34608	1	1	14	3
2361	01/03/2000	205.4322581	79.3	0.9221	0.901	0.351612903	0	8.229167419	1	1	15	3
2361	01/04/2000	202.3166667	77.165	0.9221	0.901	0	0	8.396126667	1	2	1	3
2361	01/05/2000	181.5241935	70.15	0.9221	0.901	0	0	7.560282258	1	2	2	3
2361	01/06/2000	178.12	68.11666667	0.9221	0.901	0	0	7.397297333	1	2	3	3
2361	01/07/2000	174.3419355	68.47741935	0.903	0.8948	0	0	7.170634839	1	2	4	3
2361	01/08/2000	173.4564516	67.1	0.903	0.8948	0	0	7.104008387	1	2	5	3
2361	01/09/2000	170.8	66.99833333	0.903	0.8948	0	0	7.022377333	1	2	6	3
2361	01/10/2000	166.766129	64.44354839	0.9221	0.901	0	0	6.945530645	1	2	7	3
2361	01/11/2000	168.7666667	65.06666667	0.9221	0.901	0	0	7.02442	1	2	8	3
2361	01/12/2000	167.75	64.05	0.9221	0.901	0	0	6.96365	1	2	9	3
2361	01/01/2001	172.2758065	66.41129032	0.9221	0.901	0	0	7.170232581	1	2	10	3
2361	01/02/2001	175.8107143	67.31785714	0.9221	0.901	0	0	7.303883571	1	2	11	3
2361	01/03/2001	185.5580645	71.42903226	0.9221	0.901	0	0	7.72002129	1	2	12	3
2361	01/04/2001	192.8616667	74.92833333	0.9221	0.901	0	0	8.044202333	1	2	13	3
2361	01/05/2001	194.7080645	75.65967742	0.9221	0.901	0	0	8.12162871	1	2	14	3
2361	01/06/2001	180.6616667	70.15	0.9221	0.901	0	0	7.534205667	1	3	1	3
2361	01/07/2001	176.4080645	67.69032258	0.903	0.8948	0	0	7.208714194	1	3	2	3
2361	01/08/2001	147.0887097	56.47419355	0.903	0.8948	0	0	6.011613548	1	3	3	3
2361	01/09/2001	156.5666667	60.59333333	0.903	0.8948	0	0	6.413069333	1	3	4	3
2361	01/10/2001	156.8290323	61.0983871	0.9221	0.901	0	0	6.546285161	1	3	5	3
2361	01/11/2001	128.71	49.715	0.9221	0.901	0	0	5.359892	1	3	6	3
2361	01/12/2001	142.366129	54.9	0.9221	0.901	0	0	5.925924839	1	3	7	3
2361	01/01/2002	142.9564516	54.9	0.9221	0.901	0	0	5.943771935	1	3	8	3
2361	01/02/2002	160.4517857	62.08928571	0.9221	0.901	0	0	6.685083214	1	3	9	3
2361	01/03/2002	179.2612903	68.87096774	0.9221	0.901	0	0	7.454084516	1	3	10	3
2361	01/04/2002	194.3866667	75.03	0.9221	0.901	0	0	8.093310667	1	3	11	3
2361	01/05/2002	197.5612903	76.93870968	0.9221	0.901	0	0	8.245673548	1	3	12	3
2361	01/06/2002	188.2527778	73.70833333	0.9221	0.901	0	0	7.868822778	1	3	13	3
2364	01/04/1999	213.2966667	81.84166667	0.9221	0.901	0.313333333	0	8.577311333	1	1	1	3
2364	01/05/1999	187.8209677	73.2	0.9221	0.901	0	0	7.84075129	1	1	2	3
2364	01/06/1999	183.8133333	71.26833333	0.9221	0.901	0	0	7.662526	1	1	3	3
2364	01/07/1999	183.7870968	70.93709677	0.903	0.8948	0	0	7.522434839	1	1	4	3
2364	01/08/1999	183.5903226	70.74032258	0.903	0.8948	0	0	7.510836129	1	1	5	3
2364	01/09/1999	181.5766667	70.15	0.903	0.8948	0	0	7.4339	1	1	6	3
2364	01/10/1999	187.1322581	71.52741935	0.9221	0.901	0	0	7.77052	1	1	7	3
2364	01/11/1999	187.6766667	71.57333333	0.9221	0.901	0	0	7.788335333	1	1	8	3
2364	01/12/1999	186.7387097	72.21612903	0.9221	0.901	0	0	7.778967097	1	1	9	3
2364	01/01/2000	194.1177419	74.18387097	0.9221	0.901	0	0	8.060184839	1	1	10	3
2364	01/02/2000	196.462069	75.30344828	0.9221	0.901	0.048275862	0	8.119618621	1	1	11	3
2364	01/03/2000	206.8096774	80.67741935	0.9221	0.901	0.225806452	0	8.427507097	1	1	12	3
2364	01/04/2000	216.4483333	83.875	0.9221	0.901	0.093333333	0	8.935523667	1	1	13	3
2364	01/05/2000	221.8629032	85.4	0.9221	0.901	0.048387097	0	9.185716129	1	1	14	3
2364	01/06/2000	223.6666667	85.4	0.9221	0.901	0.036666667	0	9.251056333	1	1	15	3
2364	01/07/2000	203.6612903	78.61129032	0.903	0.8948	0	0	8.335984516	1	2	1	3
2364	01/08/2000	197.9548387	76.25	0.903	0.8948	0	0	8.09776129	1	2	2	3
2364	01/09/2000	195.0983333	76.14833333	0.903	0.8948	0	0	8.010207333	1	2	3	3
2364	01/10/2000	192.9370968	73.59354839	0.9221	0.901	0	0	8.007051935	1	2	4	3
2364	01/11/2000	193.5733333	74.21666667	0.9221	0.901	0	0	8.044694667	1	2	5	3
2364	01/12/2000	190.4774194	73.2	0.9221	0.901	0	0	7.921063226	1	2	6	3
2364	01/01/2001	183.983871	70.64193548	0.9221	0.901	0.229032258	0	7.437986774	1	2	7	3
2364	01/02/2001	182.7821429	71.45714286	0.9221	0.901	0.025	0	7.613875357	1	2	8	3
2364	01/03/2001	189.1	73.2983871	0.9221	0.901	0	0	7.882326452	1	2	9	3
2364	01/04/2001	197.5383333	76.555	0.9221	0.901	0	0	8.233644333	1	2	10	3
2364	01/05/2001	209.466129	81.26774194	0.9221	0.901	0	0	8.733473871	1	2	11	3
2364	01/06/2001	216.55	84.68833333	0.9221	0.901	0	0	9.048686667	1	2	12	3
2364	01/07/2001	225.0112903	86.48225806	0.903	0.8948	0.119354839	0	9.091223226	1	2	13	3
2364	01/08/2001	175.5225806	67.88709677	0.903	0.8948	0	0	7.188270968	1	2	14	3
2364	01/09/2001	146.4	57.95	0.903	0.8948	0	0	6.03452	1	2	15	3
2364	01/10/2001	144.4322581	54.9	0.9221	0.901	0	0	5.988389677	1	2	16	3
2364	01/11/2001	133.4883333	51.85	0.9221	0.901	0	0	5.567424333	1	2	17	3
2364	01/12/2001	132.5274194	51.85	0.9221	0.901	0	0	5.538373226	1	2	18	3
2378	01/03/1999	169.3241935	65.72258065	0.9221	0.901	0.138709677	0	6.932747742	1	1	1	2
2378	01/04/1999	135.9283333	51.95166667	0.9221	0.901	0	0	5.644195667	1	1	2	2
2378	01/05/1999	129.6741935	50.07903226	0.9221	0.901	0	0	5.399796129	1	1	3	2
2378	01/06/1999	129.2183333	48.8	0.9221	0.901	0	0	5.348230333	1	1	4	2
2378	01/07/1999	126.7225806	48.8	0.903	0.8948	0	0	5.183499355	1	1	5	2
2378	01/08/1999	125.6403226	48.8	0.903	0.8948	0	0	5.151457419	1	1	6	2
2378	01/09/1999	122.305	48.8	0.903	0.8948	0	0	5.05271	1	1	7	2
2378	01/10/1999	124.9516129	48.8	0.9221	0.901	0	0	5.219235484	1	1	8	2
2378	01/11/1999	125.355	48.8	0.9221	0.901	0	0	5.231431	1	1	9	2
2378	01/12/1999	128.1	48.8	0.9221	0.901	0	0	5.31442	1	1	10	2
2378	01/01/2000	127.116129	48.8	0.9221	0.901	0	0	5.284674839	1	1	11	2
2378	01/02/2000	126.6275862	48.8	0.9221	0.901	0	0	5.269904828	1	1	12	2
2378	01/03/2000	127.8048387	48.8	0.9221	0.901	0	0	5.305496452	1	1	13	2
2378	01/04/2000	128.1	48.8	0.9221	0.901	0.08	0	5.240652	1	1	14	2
2378	01/05/2000	128.1	48.8	0.9221	0.901	0	0	5.31442	1	1	15	2
2378	01/06/2000	130.845	50.83333333	0.9221	0.901	0	0	5.457475667	1	1	16	2
2378	01/07/2000	134.2	51.85	0.903	0.8948	0	0	5.49436	1	1	17	2
2378	01/08/2000	136.7580645	53.12903226	0.903	0.8948	0	0	5.607619355	1	1	18	2
2378	01/09/2000	141.9266667	55.00166667	0.903	0.8948	0	0	5.815582667	1	1	19	2
2378	01/10/2000	148.5645161	57.95	0.9221	0.901	0	0	6.203419355	1	1	20	2
2378	01/11/2000	152.5	57.95	0.9221	0.901	0.1	0	6.23019	1	2	1	2
2378	01/12/2000	136.4629032	51.45645161	0.9221	0.901	0	0	5.645728065	1	2	2	2
2378	01/01/2001	125.5419355	48.8	0.9221	0.901	0	0	5.237082581	1	2	3	2
2378	01/02/2001	126.3571429	48.8	0.9221	0.901	0	0	5.261728571	1	2	4	2
2378	01/03/2001	128.0016129	48.8	0.9221	0.901	0	0	5.311445484	1	2	5	2
2378	01/04/2001	125.05	48.8	0.9221	0.901	0	0	5.22221	1	2	6	2
2378	01/05/2001	124.4596774	48.8	0.9221	0.901	0	0	5.204362903	1	2	7	2
2378	01/06/2001	122.8133333	48.8	0.9221	0.901	0	0	5.154589333	1	2	8	2
2378	01/07/2001	125.05	48.8	0.903	0.8948	0	0	5.13398	1	2	9	2
2378	01/08/2001	125.05	48.8	0.903	0.8948	0	0	5.13398	1	2	10	2
2378	01/09/2001	128.3033333	49.00333333	0.903	0.8948	0	0	5.236265333	1	2	11	2
2378	01/10/2001	130.2645161	50.47258065	0.9221	0.901	0	0	5.429269032	1	2	12	2
2378	01/11/2001	134.2	51.85	0.9221	0.901	0	0	5.58894	1	2	13	2
2378	01/12/2001	139.9064516	54.21129032	0.9221	0.901	0	0	5.831216774	1	2	14	2
2378	01/01/2002	147.2854839	57.55645161	0.9221	0.901	0	0	6.153124839	1	2	15	2
2378	01/02/2002	152.2821429	59.36607143	0.9221	0.901	0	0	6.357645714	1	2	16	2
2378	01/03/2002	136.4629032	53.12903226	0.9221	0.901	0	0	5.695137742	1	2	17	2
2378	01/04/2002	114.07	43.92	0.9221	0.901	0	0	4.746094	1	2	18	2
2379	01/11/1998	219.6	85.4	0.9221	0.901	0.823333333	0	8.402724333	1	1	1	3
2379	01/12/1998	203.9564516	79.59516129	0.9221	0.901	0.45483871	0	8.098084516	1	1	2	3
2379	01/01/1999	186.9354839	73.2	0.9221	0.901	0.267741935	0	7.567095806	1	1	3	3
2379	01/02/1999	185.8321429	72.4375	0.9221	0.901	0.367857143	0	7.4188975	1	1	4	3
2379	01/03/1999	181.6225806	70.15	0.9221	0.901	0.070967742	0	7.497817419	1	1	5	3
2379	01/04/1999	181.3733333	70.04833333	0.9221	0.901	0.066666667	0	7.491244667	1	1	6	3
2379	01/05/1999	174.833871	67.1	0.9221	0.901	0.016129032	0	7.253042581	1	1	7	3
2379	01/06/1999	170.8	67.1	0.9221	0.901	0	0	7.14596	1	1	8	3
2379	01/07/1999	172.1774194	67.1	0.903	0.8948	0	0	7.066140645	1	1	9	3
2379	01/08/1999	171.8822581	67.1	0.903	0.8948	0	0	7.057401935	1	1	10	3
2379	01/09/1999	177.9166667	68.42166667	0.903	0.8948	0	0	7.274834667	1	1	11	3
2379	01/10/1999	184.2790323	70.15	0.9221	0.901	0	0	7.64356871	1	1	12	3
2379	01/11/1999	189.5066667	73.40333333	0.9221	0.901	0	0	7.897721333	1	1	13	3
2379	01/12/1999	196.6758065	75.95483871	0.9221	0.901	0	0	8.189838387	1	1	14	3
2379	01/01/2000	204.35	79.3	0.9221	0.901	0.029032258	0	8.493899355	1	2	1	3
2379	01/02/2000	182.8948276	72.77931034	0.9221	0.901	0.424137931	0	7.288295172	1	2	2	3
2379	01/03/2000	181.0322581	70.15	0.9221	0.901	0.25483871	0	7.310422903	1	2	3	3
2379	01/04/2000	182.8983333	70.15	0.9221	0.901	0.066666667	0	7.540353	1	2	4	3
2379	01/05/2000	178.8677419	68.67419355	0.9221	0.901	0	0	7.436373548	1	2	5	3
2379	01/06/2000	182.2883333	70.15	0.9221	0.901	0.063333333	0	7.524984667	1	2	6	3
2379	01/07/2000	176.8016129	69.26451613	0.903	0.8948	0	0	7.266549032	1	2	7	3
2379	01/08/2000	176.5064516	67.1	0.903	0.8948	0	0	7.194308387	1	2	8	3
2379	01/09/2000	179.8483333	68.625	0.903	0.8948	0	0	7.33799	1	2	9	3
2379	01/10/2000	182.1145161	70.54354839	0.9221	0.901	0	0	7.589755161	1	2	10	3
2379	01/11/2000	186.05	71.77666667	0.9221	0.901	0	0	7.745163333	1	2	11	3
2379	01/12/2000	192.3467742	74.08548387	0.9221	0.901	0	0	8.003737097	1	2	12	3
2379	01/01/2001	203.1693548	77.43064516	0.9221	0.901	0	0	8.429753226	1	2	13	3
2379	01/02/2001	180.1678571	70.36785714	0.9221	0.901	0	0	7.525712143	1	2	14	3
2379	01/03/2001	131.5435484	50.57096774	0.9221	0.901	0	0	5.470844194	1	3	1	3
2379	01/04/2001	123.0166667	48.495	0.9221	0.901	0	0	5.151726667	1	3	2	3
2379	01/05/2001	120.1306452	45.35645161	0.9221	0.901	0	0	4.971758387	1	3	3	3
2379	01/06/2001	119.865	45.85166667	0.9221	0.901	0	0	4.978356333	1	3	4	3
2379	01/07/2001	126.4274194	48.8	0.903	0.8948	0	0	5.174760645	1	3	5	3
2379	01/08/2001	154.6645161	59.91774194	0.903	0.8948	0	0	6.336932903	1	3	6	3
2379	01/09/2001	148.23	57.95	0.903	0.8948	0	0	6.0887	1	3	7	3
2379	01/10/2001	152.5	57.95	0.9221	0.901	0	0	6.3224	1	3	8	3
2379	01/11/2001	152.5	57.95	0.9221	0.901	0	0	6.3224	1	3	9	3
2379	01/12/2001	154.8612903	60.31129032	0.9221	0.901	0	0	6.463543226	1	3	10	3
2379	01/01/2002	160.8629032	61	0.9221	0.901	0	0	6.665333871	1	3	11	3
2379	01/02/2002	180.1678571	69.60535714	0.9221	0.901	0	0	7.503187143	1	3	12	3
2379	01/03/2002	204.5467742	79.3983871	0.9221	0.901	0	0	8.529525484	1	3	13	3
2379	01/04/2002	216.3466667	84.18	0.9221	0.901	0	0	9.027522667	1	3	14	3
2379	01/05/2002	220.583871	84.02258065	0.9221	0.901	0	0	9.150974839	1	3	15	3
2379	01/06/2002	225.7	87.73833333	0.9221	0.901	0.036666667	0	9.381606333	1	3	16	3
2379	01/07/2002	219.7967742	84.71129032	0.903	0.8948	0.274193548	0	8.745063871	1	3	17	3
2379	01/08/2002	202.44375	79.68125	0.903	0.8948	0	0	8.3313275	1	3	18	3
2401	01/05/1999	192.5435484	74.18387097	0.9221	0.901	0	0	8.012592581	1	1	1	2
2401	01/06/1999	166.1233333	64.66	0.9221	0.901	0	0	6.932491333	1	1	2	2
2401	01/07/1999	158.8951613	61	0.903	0.8948	0	0	6.49393871	1	1	3	2
2401	01/08/1999	155.55	61	0.903	0.8948	0	0	6.3949	1	1	4	2
2401	01/09/1999	154.1266667	59.57666667	0.903	0.8948	0	0	6.311002667	1	1	5	2
2401	01/10/1999	159.8790323	61	0.9221	0.901	0	0	6.63558871	1	1	6	2
2401	01/11/1999	160.8366667	62.83	0.9221	0.901	0	0	6.718600667	1	1	7	2
2401	01/12/1999	167.4548387	64.73870968	0.9221	0.901	0	0	6.975071613	1	1	8	2
2401	01/01/2000	171.783871	67.1	0.9221	0.901	0	0	7.175705161	1	1	9	2
2401	01/02/2000	173.85	67.1	0.9221	0.901	0	0	7.23817	1	1	10	2
2401	01/03/2000	164.5032258	63.36129032	0.9221	0.901	0	0	6.845145806	1	2	1	2
2401	01/04/2000	154.1266667	59.475	0.9221	0.901	0.136666667	0	6.290608333	1	2	2	2
2401	01/05/2000	152.5	57.95	0.9221	0.901	0	0	6.3224	1	2	3	2
2401	01/06/2000	152.5	57.95	0.9221	0.901	0	0	6.3224	1	2	4	2
2401	01/07/2000	151.6145161	57.95	0.903	0.8948	0	0	6.188903871	1	2	5	2
2401	01/08/2000	154.7629032	60.60645161	0.903	0.8948	0	0	6.360050968	1	2	6	2
2401	01/09/2000	155.7533333	61	0.903	0.8948	0	0	6.40092	1	2	7	2
2401	01/10/2000	160.666129	61.39354839	0.9221	0.901	0	0	6.671010645	1	2	8	2
2401	01/11/2000	164.7	64.05	0.9221	0.901	0	0	6.87144	1	2	9	2
2401	01/12/2000	166.9629032	64.05	0.9221	0.901	0	0	6.939853871	1	2	10	2
2401	01/01/2001	172.7677419	67.59193548	0.9221	0.901	0	0	7.219982581	1	2	11	2
2401	01/02/2001	179.0785714	69.06071429	0.9221	0.901	0	0	7.454165714	1	3	1	2
2401	01/03/2001	174.2435484	67.1983871	0.9221	0.901	0	0	7.252974516	1	3	2	2
2401	01/04/2001	147.2133333	56.22166667	0.9221	0.901	0	0	6.111512667	1	3	3	2
2401	01/05/2001	171.9806452	67.1	0.9221	0.901	0	0	7.181654194	1	3	4	2
2401	01/06/2001	150.67	57.84833333	0.9221	0.901	0	0	6.264070667	1	3	5	2
2401	01/07/2001	141.6774194	54.21129032	0.903	0.8948	0	0	5.785015484	1	3	6	2
2401	01/08/2001	143.6451613	55.19516129	0.903	0.8948	0	0	5.872138065	1	3	7	2
2401	01/09/2001	148.0266667	56.52666667	0.903	0.8948	0	0	6.040922667	1	3	8	2
2401	01/10/2001	149.45	57.95	0.9221	0.901	0	0	6.23019	1	3	9	2
2401	01/11/2001	151.585	57.95	0.9221	0.901	0	0	6.294737	1	3	10	2
2401	01/12/2001	152.5	57.95	0.9221	0.901	0	0	6.3224	1	3	11	2
2401	01/01/2002	157.7145161	60.60645161	0.9221	0.901	0	0	6.558523548	1	3	12	2
2401	01/02/2002	175.8107143	68.18928571	0.9221	0.901	0	0	7.329626429	1	3	13	2
2401	01/03/2002	202.7758065	77.72580645	0.9221	0.901	0	0	8.426574516	1	3	14	2
2401	01/04/2002	207.4	79.3	0.9221	0.901	0	0	8.61288	1	3	15	2
2401	01/05/2002	206.7112903	79.3	0.9221	0.901	0	0	8.592058387	1	3	16	2
2401	01/06/2002	185.6433333	72.285	0.9221	0.901	0	0	7.747885333	1	3	17	2
2401	01/07/2002	178.5725806	68.77258065	0.903	0.8948	0	0	7.304549032	1	3	18	2
2402	01/02/1999	188.3375	73.2	0.9221	0.901	0	0	7.8563675	1	1	1	2
2402	01/03/1999	161.4532258	62.86935484	0.9221	0.901	0.05483871	0	6.687836774	1	1	2	2
2402	01/04/1999	156.9733333	60.89833333	0.9221	0.901	0	0	6.544738	1	1	3	2
2402	01/05/1999	151.2209677	57.95	0.9221	0.901	0	0	6.28373129	1	1	4	2
2402	01/06/1999	148.6366667	57.95	0.9221	0.901	0	0	6.205600667	1	1	5	2
2402	01/07/1999	148.5645161	57.95	0.903	0.8948	0	0	6.098603871	1	1	6	2
2402	01/08/1999	148.3677419	57.95	0.903	0.8948	0	0	6.092778065	1	1	7	2
2402	01/09/1999	146.4	57.95	0.903	0.8948	0	0	6.03452	1	1	8	2
2402	01/10/1999	148.1709677	56.57258065	0.9221	0.901	0	0	6.150830968	1	1	9	2
2402	01/11/1999	152.5	57.95	0.9221	0.901	0	0	6.3224	1	1	10	2
2402	01/12/1999	154.566129	60.01612903	0.9221	0.901	0	0	6.445900323	1	1	11	2
2402	01/01/2000	159.8790323	61.98387097	0.9221	0.901	0	0	6.664653226	1	1	12	2
2402	01/02/2000	166.2775862	64.05	0.9221	0.901	0	0	6.919134828	1	1	13	2
2402	01/03/2000	173.2596774	66.80483871	0.9221	0.901	0.029032258	0	7.184832903	1	1	14	2
2402	01/04/2000	160.125	61.305	0.9221	0.901	0	0	6.652035	1	2	1	2
2402	01/05/2000	152.1064516	57.95	0.9221	0.901	0	0	6.310501935	1	2	2	2
2402	01/06/2000	148.7383333	57.95	0.9221	0.901	0	0	6.208674333	1	2	3	2
2402	01/07/2000	147.7774194	57.06451613	0.903	0.8948	0.05483871	0	5.999803226	1	2	4	2
2402	01/08/2000	151.7129032	57.55645161	0.903	0.8948	0	0	6.180270968	1	2	5	2
2402	01/09/2000	149.45	57.95	0.903	0.8948	0	0	6.12482	1	2	6	2
2402	01/10/2000	146.7935484	56.57258065	0.9221	0.901	0	0	6.109187742	1	2	7	2
2402	01/11/2000	147.4166667	57.34	0.9221	0.901	0	0	6.150696667	1	2	8	2
2402	01/12/2000	147.2854839	57.16290323	0.9221	0.901	0	0	6.141499032	1	2	9	2
2402	01/01/2001	149.45	57.95	0.9221	0.901	0	0	6.23019	1	2	10	2
2402	01/02/2001	154.8964286	59.25714286	0.9221	0.901	0	0	6.433465	1	2	11	2
2402	01/03/2001	162.9290323	62.47580645	0.9221	0.901	0	0	6.771395484	1	2	12	2
2402	01/04/2001	165.005	64.05	0.9221	0.901	0	0	6.880661	1	2	13	2
2402	01/05/2001	168.3403226	64.64032258	0.9221	0.901	0	0	6.998935806	1	2	14	2
2402	01/06/2001	144.6716667	56.12	0.9221	0.901	0	0	6.031667667	1	2	15	2
2402	01/07/2001	124.5580645	47.71774194	0.903	0.8948	0	0	5.087664516	1	2	16	2
2402	01/08/2001	119.2451613	45.75	0.903	0.8948	0	0	4.87263871	1	2	17	2
2402	01/09/2001	118.5433333	45.75	0.903	0.8948	0	0	4.85186	1	2	18	2
2409	01/05/1999	119.0483871	45.94677419	0.9221	0.901	0	0	4.956477419	1	1	1	1
2409	01/06/1999	105.3266667	40.76833333	0.9221	0.901	0	0	4.388655333	1	1	2	1
2409	01/07/1999	105.3725806	39.65	0.903	0.8948	0	0	4.282959355	1	1	3	1
2409	01/08/1999	104.2903226	39.65	0.903	0.8948	0	0	4.250917419	1	1	4	1
2409	01/09/1999	103.7	39.65	0.903	0.8948	0	0	4.23344	1	1	5	1
2409	01/10/1999	105.0774194	39.65	0.9221	0.901	0	0	4.348083226	1	1	6	1
2409	01/11/1999	105.835	41.48	0.9221	0.901	0	0	4.425047	1	1	7	1
2409	01/12/1999	108.4225806	42.7	0.9221	0.901	0	0	4.539316774	1	1	8	1
2409	01/01/2000	109.8	42.7	0.9221	0.901	0	0	4.58096	1	1	9	1
2409	01/02/2000	108.7482759	41.64827586	0.9221	0.901	0	0	4.518094483	1	1	10	1
2409	01/03/2000	109.5048387	42.40483871	0.9221	0.901	0	0	4.563317097	1	1	11	1
2409	01/04/2000	109.8	42.7	0.9221	0.901	0	0	4.58096	1	1	12	1
2409	01/05/2000	108.3241935	42.7	0.9221	0.901	0	0	4.536342258	1	1	13	1
2409	01/06/2000	109.0883333	42.7	0.9221	0.901	0	0	4.559444333	1	1	14	1
2409	01/07/2000	109.0129032	42.7	0.903	0.8948	0	0	4.480216774	1	1	15	1
2409	01/08/2000	115.1129032	45.35645161	0.903	0.8948	0	0	4.738750968	1	1	16	1
2409	01/09/2000	117.5266667	45.75	0.903	0.8948	0	0	4.82176	1	1	17	1
2409	01/10/2000	122.3935484	46.14354839	0.9221	0.901	0	0	5.063423871	1	1	18	1
2409	01/11/2000	125.66	48.8	0.9221	0.901	0	0	5.240652	1	1	19	1
2409	01/12/2000	128.1	48.8	0.9221	0.901	0	0	5.31442	1	1	20	1
2409	01/01/2001	117.5725806	45.06129032	0.9221	0.901	0	0	4.885701613	1	2	1	1
2409	01/02/2001	109.8	42.7	0.9221	0.901	0	0	4.58096	1	2	2	1
2409	01/03/2001	108.3241935	42.7	0.9221	0.901	0	0	4.536342258	1	2	3	1
2409	01/04/2001	107.055	42.7	0.9221	0.901	0	0	4.497971	1	2	4	1
2409	01/05/2001	107.9306452	42.7	0.9221	0.901	0	0	4.524444194	1	2	5	1
2409	01/06/2001	109.0883333	42.7	0.9221	0.901	0	0	4.559444333	1	2	6	1
2409	01/07/2001	110.8822581	42.7	0.903	0.8948	0	0	4.535561935	1	2	7	1
2409	01/08/2001	111.4725806	42.7	0.903	0.8948	0	0	4.553039355	1	2	8	1
2409	01/09/2001	111.4266667	43.005	0.903	0.8948	0	0	4.560628	1	2	9	1
2409	01/10/2001	112.85	42.7	0.9221	0.901	0	0	4.67317	1	2	10	1
2409	01/11/2001	113.5616667	43.41166667	0.9221	0.901	0	0	4.715709	1	2	11	1
2409	01/12/2001	116.883871	45.75	0.9221	0.901	0	0	4.885225161	1	2	12	1
2409	01/01/2002	122.8854839	47.02903226	0.9221	0.901	0	0	5.104454516	1	2	13	1
2409	01/02/2002	127.8821429	50.21607143	0.9221	0.901	0	0	5.349665714	1	2	14	1
2409	01/03/2002	122.8854839	49.98064516	0.9221	0.901	0	0	5.191648065	1	2	15	1
2409	01/04/2002	116.7133333	45.34333333	0.9221	0.901	0	0	4.868056	1	2	16	1
2409	01/05/2002	127.0177419	49.19354839	0.9221	0.901	0	0	5.293326129	1	2	17	1
2409	01/06/2002	119.56	46.97	0.9221	0.901	0	0	5.002172	1	2	18	1
2410	01/01/1999	222.65	85.4	0.9221	0.901	0.035483871	0	9.221410323	1	1	1	3
2410	01/02/1999	197.9232143	76.57678571	0.9221	0.901	0	0	8.245923929	1	1	2	3
2410	01/03/1999	189.1	73.79032258	0.9221	0.901	0.019354839	0	7.879011613	1	1	3	3
2410	01/04/1999	181.78	70.35333333	0.9221	0.901	0	0	7.574022667	1	1	4	3
2410	01/05/1999	178.6709677	68.87096774	0.9221	0.901	0	0	7.436237419	1	1	5	3
2410	01/06/1999	179.4416667	69.64166667	0.9221	0.901	0	0	7.482305	1	1	6	3
2410	01/07/1999	178.4741935	67.88709677	0.903	0.8948	0	0	7.275658065	1	1	7	3
2410	01/08/1999	179.1629032	68.77258065	0.903	0.8948	0	0	7.322026452	1	1	8	3
2410	01/09/1999	179.95	70.15	0.903	0.8948	0	0	7.38574	1	1	9	3
2410	01/10/1999	185.8532258	71.72419355	0.9221	0.901	0	0	7.737664194	1	1	10	3
2410	01/11/1999	190.1166667	73.60666667	0.9221	0.901	0	0	7.92217	1	1	11	3
2410	01/12/1999	197.266129	76.25	0.9221	0.901	0	0	8.216404839	1	1	12	3
2410	01/01/2000	203.9564516	78.61129032	0.9221	0.901	0.048387097	0	8.443809032	1	1	13	3
2410	01/02/2000	210.0293103	81.40344828	0.9221	0.901	0.037931034	0	8.719533103	1	1	14	3
2410	01/03/2000	211.6306452	83.72741935	0.9221	0.901	0.161290323	0	8.72284871	1	1	15	3
2410	01/04/2000	210.755	82.045	0.9221	0.901	0	0	8.795401	1	2	1	3
2410	01/05/2000	195.9870968	75.85645161	0.9221	0.901	0	0	8.166110323	1	2	2	3
2410	01/06/2000	192.15	73.2	0.9221	0.901	0	0	7.97163	1	2	3	3
2410	01/07/2000	192.15	73.2	0.903	0.8948	0	0	7.83642	1	2	4	3
2410	01/08/2000	186.8370968	70.54354839	0.903	0.8948	0	0	7.601189032	1	2	5	3
2410	01/09/2000	184.6266667	71.57333333	0.903	0.8948	0	0	7.565957333	1	2	6	3
2410	01/10/2000	186.4435484	71.92096774	0.9221	0.901	0	0	7.761324194	1	2	7	3
2410	01/11/2000	187.0666667	73.2	0.9221	0.901	0	0	7.817946667	1	2	8	3
2410	01/12/2000	188.3129032	73.2	0.9221	0.901	0	0	7.855623871	1	2	9	3
2410	01/01/2001	195.3967742	75.75806452	0.9221	0.901	0	0	8.145356774	1	2	10	3
2410	01/02/2001	203.6964286	77.55714286	0.9221	0.901	0	0	8.449425	1	2	11	3
2410	01/03/2001	142.9564516	55.09677419	0.9221	0.901	0	0	5.949584839	1	2	12	3
2410	01/04/2001	124.745	48.495	0.9221	0.901	0	0	5.203979	1	3	1	3
2410	01/05/2001	122.7870968	47.32419355	0.9221	0.901	0	0	5.110199355	1	3	2	3
2410	01/06/2001	122.1016667	47.275	0.9221	0.901	0	0	5.088023667	1	3	3	3
2410	01/07/2001	125.8370968	48.20967742	0.903	0.8948	0	0	5.139964516	1	3	4	3
2410	01/08/2001	155.3532258	59.91774194	0.903	0.8948	0	0	6.357323226	1	3	5	3
2410	01/09/2001	151.28	58.15333333	0.903	0.8948	0	0	6.184965333	1	3	6	3
2410	01/10/2001	154.1725806	59.62258065	0.9221	0.901	0	0	6.422376452	1	3	7	3
2410	01/11/2001	156.9733333	61	0.9221	0.901	0	0	6.547741333	1	3	8	3
2410	01/12/2001	159.2887097	61	0.9221	0.901	0	0	6.617741613	1	3	9	3
2410	01/01/2002	157.3209677	61	0.9221	0.901	0	0	6.55825129	1	3	10	3
2410	01/02/2002	174.0678571	66.66428571	0.9221	0.901	0	0	7.231885	1	3	11	3
2410	01/03/2002	195.4951613	74.77419355	0.9221	0.901	0	0	8.119266774	1	3	12	3
2410	01/04/2002	203.9433333	78.48666667	0.9221	0.901	0	0	8.484348667	1	3	13	3
2410	01/05/2002	207.0064516	80.28387097	0.9221	0.901	0	0	8.630046452	1	3	14	3
2410	01/06/2002	201.4525	77.3175	0.9221	0.901	0	0	8.3745055	1	3	15	3
2411	01/03/1999	134.7903226	51.25967742	0.9221	0.901	0	0	5.589348387	1	1	1	1
2411	01/04/1999	117.3233333	45.64833333	0.9221	0.901	0	0	4.895508	1	1	2	1
2411	01/05/1999	112.5548387	42.7	0.9221	0.901	0	0	4.664246452	1	1	3	1
2411	01/06/1999	106.445	41.27666667	0.9221	0.901	0	0	4.437482333	1	1	4	1
2411	01/07/1999	108.1274194	42.7	0.903	0.8948	0	0	4.454000645	1	1	5	1
2411	01/08/1999	105.3725806	41.32258065	0.903	0.8948	0	0	4.332029032	1	2	1	1
2411	01/09/1999	105.4283333	39.955	0.903	0.8948	0	0	4.293558	1	2	2	1
2411	01/10/1999	105.0774194	39.65	0.9221	0.901	0	0	4.348083226	1	2	3	1
2411	01/11/1999	105.835	41.48	0.9221	0.901	0	0	4.425047	1	2	4	1
2411	01/12/1999	107.733871	42.7	0.9221	0.901	0	0	4.518495161	1	2	5	1
2411	01/01/2000	110.4887097	42.7	0.9221	0.901	0	0	4.601781613	1	2	6	1
2411	01/02/2000	111.3775862	42.7	0.9221	0.901	0	0	4.628654828	1	2	7	1
2411	01/03/2000	116.6870968	45.45483871	0.9221	0.901	0	0	4.870556774	1	2	8	1
2411	01/04/2000	117.425	45.75	0.9221	0.901	0	0	4.901585	1	2	9	1
2411	01/05/2000	120.8193548	46.14354839	0.9221	0.901	0	0	5.015831613	1	2	10	1
2411	01/06/2000	126.0666667	48.8	0.9221	0.901	0	0	5.252946667	1	2	11	1
2411	01/07/2000	129.4774194	50.17741935	0.903	0.8948	0	0	5.305470968	1	2	12	1
2411	01/08/2000	122.983871	47.52096774	0.903	0.8948	0	0	5.035285161	1	3	1	1
2411	01/09/2000	113.0533333	42.90333333	0.903	0.8948	0	0	4.605805333	1	3	2	1
2411	01/10/2000	114.1290323	44.07741935	0.9221	0.901	0	0	4.752529032	1	3	3	1
2411	01/11/2000	136.7416667	53.57833333	0.9221	0.901	0	0	5.716838333	1	3	4	1
2411	01/12/2000	109.8	42.7	0.9221	0.901	0	0	4.58096	1	3	5	1
2411	01/01/2001	137.8403226	53.91612903	0.9221	0.901	0	0	5.760032581	1	3	6	1
2411	01/02/2001	111.1071429	42.7	0.9221	0.901	0	0	4.620478571	1	3	7	1
2411	01/03/2001	111.3741935	42.7	0.9221	0.901	0	0	4.628552258	1	3	8	1
2411	01/04/2001	109.8	42.7	0.9221	0.901	0	0	4.58096	1	3	9	1
2411	01/05/2001	110.3903226	42.7	0.9221	0.901	0	0	4.598807097	1	3	10	1
2411	01/06/2001	112.85	42.7	0.9221	0.901	0	0	4.67317	1	3	11	1
2411	01/07/2001	112.85	42.7	0.903	0.8948	0	0	4.59382	1	3	12	1
2411	01/08/2001	119.7370968	46.14354839	0.903	0.8948	0	0	4.898749032	1	3	13	1
2411	01/09/2001	139.08	53.47666667	0.903	0.8948	0	0	5.686562667	1	3	14	1
2411	01/10/2001	143.8419355	54.9	0.9221	0.901	0	0	5.970542581	1	3	15	1
2411	01/11/2001	149.0433333	57.035	0.9221	0.901	0	0	6.190865333	1	3	16	1
2411	01/12/2001	155.8451613	60.31129032	0.9221	0.901	0	0	6.493288387	1	3	17	1
2411	01/01/2002	159.8790323	61	0.9221	0.901	0	0	6.63558871	1	3	18	1
2444	01/07/1999	173.1612903	66.50967742	0.903	0.8948	0	0	7.077950968	1	1	1	2
2444	01/08/1999	141.7758065	54.9	0.903	0.8948	0	0	5.808133548	1	1	2	2
2444	01/09/1999	141.3166667	54.9	0.903	0.8948	0	0	5.79454	1	1	3	2
2444	01/10/1999	140.5951613	54.9983871	0.9221	0.901	0	0	5.87529	1	1	4	2
2444	01/11/1999	141.52	54.9	0.9221	0.901	0	0	5.900344	1	1	5	2
2444	01/12/1999	140.3	54.9	0.9221	0.901	0	0	5.86346	1	1	6	2
2444	01/01/2000	142.6612903	54.9	0.9221	0.901	0	0	5.934848387	1	1	7	2
2444	01/02/2000	143.6655172	54.9	0.9221	0.901	0	0	5.965208966	1	1	8	2
2444	01/03/2000	141.6774194	54.9	0.9221	0.901	0	0	5.905103226	1	1	9	2
2444	01/04/2000	143.35	54.9	0.9221	0.901	0	0	5.95567	1	1	10	2
2444	01/05/2000	144.8258065	56.37580645	0.9221	0.901	0	0	6.043884516	1	1	11	2
2444	01/06/2000	144.6716667	54.9	0.9221	0.901	0	0	5.995627667	1	1	12	2
2444	01/07/2000	143.8419355	56.27741935	0.903	0.8948	0	0	5.909714839	1	1	13	2
2444	01/08/2000	144.333871	56.27741935	0.903	0.8948	0.064516129	0	5.86602129	1	1	14	2
2444	01/09/2000	142.0283333	54.9	0.903	0.8948	0	0	5.81561	1	1	15	2
2444	01/10/2000	148.1709677	56.67096774	0.9221	0.901	0	0	6.153737419	1	1	16	2
2444	01/11/2000	151.4833333	57.95	0.9221	0.901	0	0	6.291663333	1	1	17	2
2444	01/12/2000	151.516129	58.83548387	0.9221	0.901	0	0	6.318812903	1	1	18	2
2445	01/02/1999	151.1928571	59.36607143	0.9221	0.901	0	0	6.324713571	1	1	19	1
2445	01/03/1999	132.5274194	50.66935484	0.9221	0.901	0	0	5.503495806	1	1	20	1
2445	01/04/1999	128.2016667	48.8	0.9221	0.901	0	0	5.317493667	1	1	21	1
2445	01/05/1999	123.4758065	47.52096774	0.9221	0.901	0	0	5.136833871	1	1	22	1
2445	01/06/1999	120.0683333	46.86833333	0.9221	0.901	0	0	5.014537	1	1	23	1
2445	01/07/1999	119.7370968	45.75	0.903	0.8948	0	0	4.887203226	1	1	24	1
2445	01/08/1999	117.0806452	45.75	0.903	0.8948	0	0	4.808554839	1	1	25	1
2445	01/09/1999	115.9	45.75	0.903	0.8948	0	0	4.7736	1	1	26	1
2445	01/10/1999	117.2774194	45.75	0.9221	0.901	0	0	4.897123226	1	1	27	1
2445	01/11/1999	118.34	46.055	0.9221	0.901	0	0	4.938258	1	1	28	1
2445	01/12/1999	122.983871	46.73387097	0.9221	0.901	0	0	5.098709677	1	1	29	1
2445	01/01/2000	122	46.73387097	0.9221	0.901	0	0	5.068964516	1	1	30	1
2445	01/02/2000	123.5775862	47.74827586	0.9221	0.901	0	0	5.146625862	1	1	31	1
2445	01/03/2000	123.3774194	48.50483871	0.9221	0.901	0	0	5.162923871	1	1	32	1
2445	01/04/2000	125.05	48.8	0.9221	0.901	0	0	5.22221	1	1	33	1
2445	01/05/2000	127.7064516	48.8	0.9221	0.901	0	0	5.302521935	1	1	34	1
2445	01/06/2000	127.0833333	48.8	0.9221	0.901	0	0	5.283683333	1	1	35	1
2445	01/07/2000	130.3629032	51.06290323	0.903	0.8948	0	0	5.357665161	1	1	36	1
2462	01/01/1999	231.8	88.45	0.9221	0.901	0.487096774	0	9.171708065	1	1	37	3
2462	01/02/1999	208.2714286	79.51785714	0.9221	0.901	0.332142857	0	8.3393925	1	1	38	3
2462	01/03/1999	195.9870968	76.1516129	0.9221	0.901	0.064516129	0	8.115339355	1	1	39	3
2462	01/04/1999	193.675	74.82666667	0.9221	0.901	0	0	8.065788333	1	1	40	3
2462	01/05/1999	190.2806452	73.2	0.9221	0.901	0.029032258	0	7.888343548	1	1	41	3
2462	01/06/1999	187.9816667	73.2	0.9221	0.901	0	0	7.845609667	1	1	42	3
2462	01/07/1999	186.9354839	73.1016129	0.903	0.8948	0	0	7.679149677	1	1	43	3
2462	01/08/1999	189.8870968	73.00322581	0.903	0.8948	0	0	7.763650323	1	1	44	3
2462	01/09/1999	189.1	73.2	0.903	0.8948	0.043333333	0	7.70699	1	1	45	3
2462	01/10/1999	189.4935484	73.39677419	0.9221	0.901	0.148387097	0	7.760303226	1	1	46	3
2462	01/11/1999	198.25	76.65666667	0.9221	0.901	0	0	8.258163333	1	1	47	3
2462	01/12/1999	210.8435484	81.36612903	0.9221	0.901	0.287096774	0	8.513291613	1	1	48	3
2462	01/01/2000	213.7951613	83.33387097	0.9221	0.901	0.067741935	0	8.862923226	1	1	49	3
2462	01/02/2000	223.2810345	86.87241379	0.9221	0.901	0.155172414	0	9.17362	1	1	50	3
2462	01/03/2000	222.65	85.4	0.9221	0.901	0.419354839	0	8.867442903	1	2	1	3
2462	01/04/2000	200.385	76.555	0.9221	0.901	0.253333333	0	8.086108333	1	2	2	3
2462	01/05/2000	193.7241935	74.77419355	0.9221	0.901	0	0	8.065725484	1	2	3	3
2462	01/06/2000	192.3533333	74.82666667	0.9221	0.901	0.366666667	0	7.687727333	1	2	4	3
2462	01/07/2000	186.6403226	72.41290323	0.903	0.8948	0	0	7.650205806	1	2	5	3
2462	01/08/2000	190.083871	73.2	0.903	0.8948	0	0	7.775249032	1	2	6	3
2462	01/09/2000	187.6766667	73.2	0.903	0.8948	0	0	7.70398	1	2	7	3
2462	01/10/2000	188.116129	71.82258065	0.9221	0.901	0	0	7.808984516	1	2	8	3
2462	01/11/2000	188.0833333	73.2	0.9221	0.901	0	0	7.848683333	1	2	9	3
2462	01/12/2000	186.05	73.2	0.9221	0.901	0	0	7.78721	1	2	10	3
2462	01/01/2001	188.4112903	73.2	0.9221	0.901	0	0	7.858598387	1	2	11	3
2462	01/02/2001	196.2892857	76.03214286	0.9221	0.901	0.032142857	0	8.1507975	1	2	12	3
2462	01/03/2001	211.1387097	81.95645161	0.9221	0.901	0	0	8.804385806	1	2	13	3
2462	01/04/2001	214.415	82.655	0.9221	0.901	0	0	8.924073	1	2	14	3
2462	01/05/2001	226.5854839	87.36774194	0.9221	0.901	0	0	9.431239677	1	2	15	3
2462	01/06/2001	229.5633333	88.45	0.9221	0.901	0	0	9.553239333	1	2	16	3
2462	01/07/2001	215.1725806	84.02258065	0.903	0.8948	0	0	8.835549032	1	3	1	3
2462	01/08/2001	204.1532258	78.51290323	0.903	0.8948	0	0	8.347662581	1	3	2	3
2462	01/09/2001	164.7	63.84666667	0.903	0.8948	0	0	6.749314667	1	3	3	3
2462	01/10/2001	183.5903226	72.01935484	0.9221	0.901	0	0	7.677969677	1	3	4	3
2462	01/11/2001	178.425	68.21833333	0.9221	0.901	0	0	7.409521667	1	3	5	3
2462	01/12/2001	150.3354839	57.45806452	0.9221	0.901	0	0	6.242428387	1	3	6	3
2462	01/01/2002	159.8790323	62.27903226	0.9221	0.901	0	0	6.673372581	1	3	7	3
2462	01/02/2002	174.2857143	66.77321429	0.9221	0.901	0	0	7.241689286	1	3	8	3
2462	01/03/2002	194.1177419	74.97096774	0.9221	0.901	0	0	8.083436452	1	3	9	3
2462	01/04/2002	205.3666667	79.70666667	0.9221	0.901	0	0	8.56342	1	3	10	3
2462	01/05/2002	212.516129	83.03870968	0.9221	0.901	0	0	8.878	1	3	11	3
2462	01/06/2002	225.1553571	86.38035714	0.9221	0.901	0	0	9.358834643	1	3	12	3
2462	01/07/2002	232.2919355	89.63064516	0.903	0.8948	0	0	9.506921935	1	3	13	3
2462	01/08/2002	235.23125	91.5	0.903	0.8948	0	0	9.6487875	1	3	14	3
												
