207	202.1	197.19	192.29	187.38	182.48	177.57	172.67	167.76	162.86	158.18	153.92	150.01	146.54	146.54
236	231.1	226.19	221.29	216.38	211.48	206.57	201.67	196.76	191.86	186.95	182.05	177.14	172.24	167.33
230	225.1	220.19	215.29	210.38	205.48	200.57	195.67	190.76	185.86	180.95	176.05	171.14	166.24	161.33
230	225.1	220.19	215.29	210.38	205.48	200.57	195.67	190.76	185.86	180.95	176.05	171.14	166.24	161.33
194	189.1	184.19	179.29	174.38	169.48	164.57	159.67	154.76	149.86	145.33	144.25	144.25	144.25	0
207	202.1	197.19	192.29	187.38	182.48	177.57	172.67	167.76	162.86	157.95	153.88	153.1	153.1	153.1
230	225.1	220.19	215.29	210.38	205.48	200.57	195.67	190.76	185.86	180.95	176.05	171.14	166.24	161.33
230	225.1	220.19	215.29	210.38	205.48	200.57	195.67	190.76	185.86	180.95	177.46	175.2	170.29	165.39
226	221.1	216.19	211.29	206.38	201.48	196.57	191.67	186.76	181.86	176.95	172.05	167.14	162.24	157.33
203	198.1	193.19	188.29	183.38	178.48	173.57	168.67	163.76	158.86	153.95	149.05	144.14	139.58	139.43
240	0	0	0	0	0	0	0	0	0	0	0	0	0	0
230	227.16	224.55	222.19	220.07	218.15	216.46	214.96	213.7	212.62	211.74	211.05	210.55	205.65	200.74
230	225.1	220.19	215.29	210.38	205.48	200.57	195.67	190.76	185.86	180.95	176.05	171.14	166.24	161.33
203	198.1	193.19	188.29	183.38	178.48	173.57	169.33	165.84	162.91	159.57	155.4	155.3	155.3	155.3
221	216.1	211.19	206.29	201.38	196.48	191.57	186.7	182.37	178.45	173.97	169.06	164.16	159.25	154.35
226	221.1	216.19	211.29	206.38	201.48	196.57	191.67	186.76	181.86	176.95	172.05	167.14	162.24	157.33
235	230.1	225.19	220.29	215.38	210.48	208.26	203.35	198.45	193.54	188.64	183.73	178.83	173.92	169.02
235	230.1	225.19	220.29	215.38	210.48	205.57	200.67	195.76	190.86	185.95	181.05	176.14	171.24	166.33
217	212.1	207.19	202.29	197.38	192.48	187.57	182.67	177.76	172.86	167.95	163.05	158.14	153.24	148.33
230	225.1	220.19	215.29	210.38	205.48	200.57	195.67	190.76	185.86	180.95	176.05	171.14	166.24	161.33
198	193.1	188.3	184.35	181.11	178.46	176.35	174.09	172.27	170.08	168.2	165.08	160.93	157	157
234	229.1	224.19	219.29	214.38	209.48	204.57	199.67	194.76	189.86	184.95	180.05	175.85	172.53	169.65
236	231.1	226.19	221.29	216.38	211.48	206.57	201.67	196.76	191.86	186.95	182.05	177.14	173.04	169.7
235	230.1	225.19	220.29	215.38	210.48	205.57	200.67	195.76	190.86	185.95	181.05	176.14	171.56	167.82
265	260.1	255.19	250.29	245.38	240.48	235.57	230.7	225.8	220.89	215.99	211.08	206.18	201.27	196.37
190	186.55	183.79	181.64	179.8	177.04	172.93	169.9	167.68	166.07	164.88	164.03	163.42	162.5	159.66
212	208.93	205.94	203.02	200.15	197.42	194.89	189.99	185.08	180.18	175.27	172.03	167.78	165.21	162.42
194	191.35	188.99	187.27	186.06	185.22	184.68	183.13	182.07	179.19	177.05	175.47	174.34	173.79	172.33
221	216.1	211.19	206.29	201.38	196.48	191.57	186.67	181.76	176.86	171.95	167.05	162.14	157.24	152.75
240	235.1	230.19	225.29	220.38	215.48	210.57	205.67	200.76	195.86	190.95	186.05	181.14	176.24	171.33
235	230.1	225.19	220.29	215.38	210.48	205.57	200.67	195.76	190.86	185.95	181.05	176.14	171.24	166.33
194	189.1	184.19	179.29	174.38	169.48	164.57	159.67	154.76	149.86	145.71	144.25	144.25	144.25	0
207	202.1	197.19	192.29	187.38	182.48	177.57	172.67	167.76	162.86	158.48	155.26	155.26	155.26	0
230	225.1	220.19	215.29	210.38	205.48	200.57	195.67	190.76	185.86	180.95	176.05	171.14	166.24	161.33
286	281.1	276.19	271.29	266.38	261.48	256.57	251.67	246.76	241.86	236.95	232.05	227.14	222.24	217.33
243	238.1	233.19	228.29	223.38	218.48	213.57	208.67	203.76	198.86	193.95	189.05	184.14	179.24	174.33
235	230.1	225.19	220.29	215.38	210.48	205.57	200.67	195.76	190.86	185.95	181.05	176.14	171.24	166.33
233	228.1	223.19	218.29	213.38	208.48	203.57	198.67	193.76	188.86	183.95	179.05	174.14	169.24	164.33
235	230.1	225.19	220.29	215.38	210.48	205.57	200.67	195.76	190.86	185.95	181.05	176.14	171.24	166.33
221	216.1	211.19	206.4	201.91	197.71	193.8	190.15	186.78	183.67	181.52	180.12	179.26	174.35	169.45
207	202.1	197.19	192.29	187.8	183.54	180.74	178.96	177.86	176.71	176.04	175.7	175.6	170.7	165.79
233	228.1	223.34	218.87	214.67	210.72	207.04	203.6	200.42	197.47	194.78	192.9	191.64	186.73	181.83
273	268.1	263.19	258.29	253.38	248.48	243.57	238.67	233.76	228.86	223.95	219.05	214.14	209.24	204.33
207	202.1	197.19	192.29	187.38	182.48	177.57	172.67	167.76	162.86	157.95	153.05	148.41	146.53	146.53
240	235.1	230.19	225.29	220.38	215.48	210.57	205.67	200.76	195.86	190.95	186.05	181.14	176.24	171.33
203	198.1	193.19	188.29	183.38	178.48	173.82	169.52	165.53	161.81	158.3	155.26	155.26	155.26	0
198	196.77	195.58	194.43	193.36	192.63	192.13	187.23	182.87	179.92	177.96	176.7	173.71	171.9	169.56
221	217.74	214.56	211.45	208.38	205.39	202.47	197.57	192.66	187.76	182.85	177.95	173.05	168.4	164.3
235	230.1	225.19	220.29	215.38	210.48	205.57	200.67	195.76	190.86	185.95	181.05	176.14	171.24	166.33
179	174.1	169.19	164.29	159.38	154.48	150.68	147.8	145.69	143.56	142.03	140.57	136.43	133.82	133.82
207	202.1	197.19	192.29	187.38	182.48	177.57	172.67	168.1	164.67	162.16	159.59	154.68	149.78	148.78
236	233.74	231.48	229.2	226.92	224.63	222.32	219.99	217.64	215.26	212.44	208.97	204.85	200.14	194.85
230	225.1	220.19	215.29	210.38	205.48	200.57	195.67	190.76	185.86	180.95	176.05	171.14	166.24	161.33
243	238.1	233.19	228.29	223.38	218.48	213.57	208.67	203.76	198.86	193.95	189.05	184.14	179.24	174.33
217	212.1	207.19	202.29	197.38	192.48	187.57	182.67	177.76	172.91	168	163.1	158.2	153.29	153.18
221	216.1	211.19	206.29	201.38	196.48	191.57	186.67	181.76	176.86	171.95	167.05	162.14	157.24	152.33
236	231.1	226.19	221.29	216.38	211.48	206.57	201.67	196.76	191.86	186.95	182.05	177.14	172.48	168.82
226	226	226	226	226	226	226	226	226	226	226	226	226	226	226
221	216.1	211.19	206.29	201.38	196.48	191.57	186.67	181.76	177.62	174.59	172.48	170.75	169.37	167.99
240	235.1	230.19	225.29	220.38	215.48	210.57	205.67	200.76	195.86	190.95	186.05	181.14	176.24	171.33
230	225.1	220.19	215.29	210.38	205.48	200.57	195.67	190.76	185.86	180.95	176.05	171.14	166.24	161.33
230	225.1	220.19	215.29	210.38	205.48	200.57	195.67	190.76	185.86	180.95	176.05	171.14	166.24	161.33
207	202.1	197.19	192.29	187.8	184.12	181.12	178.73	176.89	174.8	173.15	170.96	166.05	161.15	158.26
207	207	214.22	221.38	228.49	235.51	242.45	249.29	255.98	262.51	268.81	274.77	280.24	284.85	288.35
236	232.82	229.67	226.56	223.5	220.45	217.42	214.42	211.43	209.15	206.16	202.86	197.95	193.05	188.14
248	243.1	238.19	233.29	228.38	223.48	218.57	213.67	208.76	203.86	198.95	194.05	189.14	184.24	179.33
235	230.1	225.19	220.29	215.38	210.48	205.57	200.67	195.76	190.86	185.95	181.05	176.14	171.24	166.33
226	228.12	230.35	232.67	232.47	232.44	228.91	225.65	222.64	219.89	217.4	215.16	213.14	213.14	208.64
